"VEBONO012020" "VEBONO012021" "VEBONO012023" "VEBONO012025" "VEBONO012029" "VEBONO022022" "VEBONO022024" "VEBONO022025" "VEBONO022034" "VEBONO032027" "VEBONO032031" "VEBONO032034b" "VEBONO032035" "VEBONO042024" "VEBONO042028" "VEBONO042029" "VEBONO052021" "VEBONO052028" "VEBONO052029" "VEBONO062020" "VEBONO062028" "VEBONO062032" "VEBONO072033" "VEBONO082025" "VEBONO082037" "VEBONO092029" "VEBONO102028" "VEBONO102030" "VEBONO112020" "VEBONO112028" "VEBONO122023" "VEBONO122036"
"01/10/2019" 104.834406941705 118.772585009598 120.53452512036 123.787206742259 96.1537225352992 118.299995068254 120.054561258242 121.178739932891 114.479959183911 121.183169438957 121.338181835766 117.290490016469 117.536730729397 122.017241179434 124.127881239097 108.473476181451 117.998848068479 88.0932168249602 123.283197532151 113.719148826451 96.0944364778869 120.460093375247 118.467236651734 146.539374061635 112.745104975714 86.6584050491336 123.889308268687 95.9463535311973 113.800762792705 86.7225810745251 115.928124449397 112.623766834374
"02/10/2019" 67.9453718597822 18.7451285052169 12.2880697507101 12.6056987766604 9.0468731857939 12.037208516738 10.113992150325 9.78887622237228 8.68240880371558 9.05282794004067 8.68789937524652 11.5942932351593 12.4088802741123 12.0716680865674 11.6416381760509 10.1979173635782 14.7579698031543 6.3666121459189 10.4422486510803 30.9861845075749 9.57559135579998 12.7408725518914 10.6161783328421 14.001788622974 9.12912803741034 5.78375343395139 11.2258316052005 8.87659499014036 18.6514721722157 6.09587906191252 8.7317484555739 7.99931525443412
"03/10/2019" 104.837217115194 118.730866252419 120.677290727989 124.06907894465 96.5260936089415 118.352548400101 120.262706853436 121.44762696692 114.968568338483 121.544986578279 121.809698958419 117.799378540125 113.397514416035 122.248454586161 124.539079239199 108.877611601781 117.9788791495 88.4249495768561 123.717485186582 113.661355813848 92.8629982280886 116.17736095757 118.96361792577 146.864916367678 113.250390203151 87.0109115212199 124.3128816057 96.3433719885862 113.739451006372 87.0614191007182 116.120343563288 113.128535951541
"04/10/2019" 104.440802740315 118.691609785989 121.220044672018 122.08843334705 95.4589839238545 119.856597284159 119.202434547619 119.3314851056 118.504515543819 119.013617615097 122.287946180292 121.488266843282 117.842729921385 121.037068185488 122.685173202218 107.909350639368 118.846565515081 86.9598917433034 122.616723312952 111.19811219897 91.2940849309775 117.944576070072 122.031306839554 144.482875251604 119.897863471174 86.4984183199334 122.817068693632 96.8151221669394 112.89524973891 85.9643660199317 115.214240005117 119.131402166808
"07/10/2019" 104.645302937425 118.861981546545 120.925888324897 124.180348544127 96.4646288057977 118.661054569364 120.409065209959 121.518009909146 114.800437075388 121.475792021139 121.615258418927 117.688866469078 113.140114495747 122.425288514186 124.57386149179 108.852345458008 118.237182071733 88.3421162586907 123.696598938349 113.031122810551 92.7011823159177 115.941356728483 118.901078852233 147.057524111352 113.113564270349 86.8522409607355 124.333582777193 96.2832626596078 113.599488912997 86.9516054919067 116.18579509357 112.88889265273
"08/10/2019" 104.613950924692 118.876174771733 120.909441797138 124.150031103994 96.4240807130188 118.653049964814 120.383223078957 121.485527101609 114.744376236 121.433373310951 121.561099104751 117.633849459264 113.083746389646 122.399210824247 124.527311620482 108.807461923322 118.241506522219 88.3035065809547 123.646263558781 113.062324406611 92.6614477420715 115.887017006544 118.844792229066 147.019019774142 113.055746359087 86.8116728398251 124.285063010635 96.2392248109861 113.619954812924 86.912316244892 116.161854421408 112.831379507408
"09/10/2019" 104.524284489784 118.947780539779 120.966860693975 124.214792572264 96.4801887261967 118.706635271547 120.44292658359 121.548478712891 114.813135716751 121.501008681322 121.633544345958 117.704231209791 113.153880889642 122.46053225016 124.595824626687 108.869454133545 118.301654682569 88.3544779651779 123.715422126665 113.147868805655 92.7166136360154 115.957717091749 118.913909545053 147.093522713281 113.12337314904 86.8640007497418 124.353771567756 96.2955546402469 113.699508210798 86.9633183875655 116.220832440868 112.901101013706
"10/10/2019" 104.480671265303 118.837914978947 120.911622841676 124.226601667474 96.5677227969758 118.610895450716 120.425854737973 121.562027781515 114.947113722984 121.562762771631 121.751781586429 117.840353755397 113.292991346673 122.449659856663 124.677206386464 108.962040176261 118.183530007424 88.432991549606 123.811713496159 113.12793285193 92.7974454849609 116.083853715196 119.046055621538 147.111327880827 113.267453165524 86.9552688773408 124.442734191633 96.3976699379609 113.605705155487 87.0471521124824 116.199628304895 113.045398223313
"11/10/2019" 104.494524932525 118.710981961544 121.055975500137 122.02198113434 95.6506706698568 119.74157793131 119.07177906188 119.276422369581 118.673949956213 119.120718253098 122.525091230005 121.654049668312 117.968586226571 120.91606268015 122.857031396302 108.112711470249 118.82285692848 87.1315606520667 122.829292539617 111.276866143303 91.4690440770282 118.163284720875 122.223506197134 144.449415653588 119.898300296441 86.7002849858393 123.011435503577 97.0276630964581 112.935682035829 86.1513610860702 115.074665051804 119.1705373407
"14/10/2019" 67.368524252725 19.893627168555 13.0699487084479 13.4204681025477 9.63275963152723 12.7794533357645 10.7547664303763 10.4095401271834 9.23241376389393 9.62429276582562 9.23469040615105 12.3451924002404 8.24916210869127 12.8482085282381 12.3918654087495 10.856783221652 15.650608127767 6.77112142561951 11.10973904055 32.9700934136832 6.36627845461571 8.46987336529356 11.2985857809833 14.8985377220514 9.71099195362369 6.14775361229956 11.9473936191133 9.45010748507906 19.7873921740106 6.4820027574816 9.27848187340182 8.50277150620059
"15/10/2019" 104.190487786523 118.654943904915 120.782402680326 124.205427980892 96.6717679034938 118.412636156708 120.346848346812 121.530173882172 115.106171677046 121.607004293774 121.884883724986 118.014424157039 113.463325358267 122.388527329877 124.754510692168 109.065918868963 117.96121433089 88.515892218985 123.907518494829 113.177067472085 92.8844422058476 116.23263331151 119.202360836825 147.076931040613 113.442564671139 87.0603249880866 124.529327928987 96.5209028471784 113.468412494366 87.1393464911586 116.117326096866 113.223103528308
"16/10/2019" 104.12433013007 118.63560073347 120.76551466915 124.197060001776 96.6736353877842 118.389255113664 120.331259735682 121.517746726576 115.107813686568 121.600030746828 121.884287288445 118.020127806493 113.46619895858 122.376318161021 124.751039433715 109.06616356503 117.93651376284 88.5144318129873 123.904120157857 113.177148920136 92.8831272901194 116.233750273462 119.204298543165 147.062660564961 113.445526348525 87.0606628453165 124.525918732898 96.5233213106516 113.453189481007 87.138661703319 116.101916749184 113.22639436283
"17/10/2019" 104.074966844064 118.688818564705 121.036275004664 119.523161232801 93.4922291311404 118.575296693952 120.683526948352 121.935244639624 115.750861132812 122.115781110252 122.51651419843 113.968470900629 114.115383937189 122.740287731876 125.311135115304 109.599572335415 118.0393888886 88.9634605936903 124.496015447954 113.054979635462 93.3506609427434 116.864846961517 119.853256699555 147.559591449269 114.103781487084 87.5302245579601 125.102644279256 97.0375997880478 113.467562284269 87.593837680302 116.435152243918 113.885363033961
"18/10/2019" 104.541726314589 118.615901609735 120.650300796187 121.770753075659 95.8462866430095 119.413410128927 118.720531919927 119.043045656049 118.90031430393 119.142097009293 122.785951553824 121.877165273753 118.15714229911 120.580109151733 122.983654508102 108.314366242179 118.6490409822 87.2988773888158 123.027377375225 111.315218695402 91.6357287776998 118.424743547629 122.468073550083 144.221930313162 119.970462690519 86.9261497346741 123.176574493878 97.2748342216971 112.884803158467 86.3474965397333 114.712605062983 119.279319886539
"21/10/2019" 104.506810177829 118.487150527662 120.548969637906 121.711122818741 95.8146915711261 119.287211959084 118.645933614001 118.984821304129 118.83226783275 119.097189707865 122.730549914812 121.808906217926 118.083438451965 120.508918877748 122.938801727507 108.275354770294 118.515078174942 87.27235641212 122.979696343673 111.222296013878 91.6060896160092 118.36524720601 122.402414729679 144.151342684231 119.884246188087 86.8949836528435 123.130584661368 97.2352804743886 112.764544635199 86.319804830625 114.636445286482 119.19614631354
"22/10/2019" 104.46953374991 118.416497643222 120.600115239193 121.777564457298 95.8003713783387 119.287882662703 118.716914633969 119.048983187722 118.791208035771 119.121399313829 122.696426119344 121.768425463679 118.04522030529 120.580381561797 122.941375646323 108.259490901078 118.462860508518 87.2654988963723 122.9650958554 111.142357378806 91.5992807661399 118.32499716799 122.360737588218 144.214327639185 119.858534019533 86.8710275539877 123.124223306625 97.2031054141242 112.687955277977 86.3051159471902 114.706320174558 119.166122787802
"23/10/2019" 104.432730307036 118.315204228903 120.648406650141 121.927138221309 95.875233029007 119.255307685035 118.83478155754 119.200949798529 118.646259662914 119.270807827963 122.701915952359 121.619038913302 117.846537168038 120.705586040287 123.063660821937 108.334872747801 118.374498958739 87.3557021539338 123.050679325282 111.050928075457 91.6916583807982 118.265950318134 122.24659092118 144.384020329101 119.540527578404 86.9141464877763 123.22957022919 97.2083760269086 112.585745855286 86.3768744418496 114.814527549843 118.880296792196
"24/10/2019" 104.381730482562 118.474621019731 116.552031111316 122.918936844194 96.3319193717103 119.846712308243 119.82485831306 120.185963322517 118.880925349979 120.084607584121 123.148575509806 121.850150391017 118.034436842573 116.678241302819 123.765798712478 104.559745382202 118.663904165992 87.8283348583474 123.651892595528 111.010553434921 92.1921465083796 118.59997692613 122.52011506952 145.490112790186 119.645110414102 87.271151140041 123.881124852527 93.7990517965993 112.675647760779 86.7956695536666 115.780684337031 119.007244861506
"25/10/2019" 103.631366939033 118.605402304946 120.765082130269 124.159025656113 96.594787190718 118.398779244343 120.280858273642 121.443850539181 114.95691530047 121.491673820628 121.738013425616 117.901323507099 113.310922155419 122.34584394901 124.651791097043 108.972852898397 117.939121485837 88.4214759684442 123.780491189242 112.710251592302 92.782661942939 116.08564272397 119.067973944843 146.976547615326 113.292461886731 86.9562714514524 124.415821730572 96.4279230491747 113.355510621618 87.0412785586823 116.053006940474 113.067807997562
"28/10/2019" 103.46886708643 118.619025582597 120.779298902629 124.147303944494 96.552529292699 118.423445323804 120.268476363862 121.416995501715 114.878673325067 121.442920456094 121.66457039205 117.836028822317 113.229973952772 122.340684603621 124.603591121551 108.924462190985 117.965334697525 88.3743974056497 123.71988669213 112.553270001254 92.7324061744707 116.00986512505 118.996067643908 146.945572027906 113.211571664299 86.9024792332453 124.361931409557 96.3765212914797 113.341231906532 86.9915041996697 116.041661856768 112.984668781158
"29/10/2019" 104.242164432514 117.839379885662 120.829792374466 122.258822644589 95.8081510775476 119.140534730373 119.162863458024 119.522492549879 118.393334975854 119.404715898202 122.507810688787 121.369823155931 117.60117910923 121.042535571206 123.083625018206 108.25554248346 117.982869500782 87.3322333590035 122.974132643949 110.575846674293 91.6664736354274 118.029703420135 121.995221121745 144.69691835161 119.349036389413 86.790993664111 123.199959769348 97.0330346567051 112.09013238811 86.3088519243662 115.131408589736 118.66845774561
"30/10/2019" 103.358083191485 118.676853427041 120.831355661132 124.167975775247 96.5293949172217 118.490744987651 120.294089362751 121.426442941252 114.82549466571 121.427189236603 121.619942384484 117.791746114637 113.173674011219 122.370292698193 124.584456137215 108.899004238998 118.036646200271 88.3480980096211 123.688915541157 112.453630826416 92.7047159548915 115.960616307025 118.948412234738 146.956928517377 113.153842295627 86.8685319376594 124.337225666996 96.3438385793344 113.372502341174 86.9618777047475 116.068149277691 112.925587825502
"31/10/2019" 104.191577589063 117.686820995881 120.910115977007 122.455946445362 95.9860485838895 119.105706746124 119.32601885169 119.721053546337 118.681591101728 119.615649928318 122.741955607038 121.662263080833 117.919916066293 121.214269494947 118.223106282101 108.449953367321 117.855496848046 87.5021118544316 123.189185633169 110.430133726689 91.8426783875445 118.27931144968 122.271931750513 144.91808802543 119.74580079288 86.9603562531615 123.412887757606 97.2210603802134 111.932539330889 86.4763340042419 115.283624803667 119.043841967658
