"TIF012024" "TIF012026" "TIF012037" "TIF022021" "TIF022029" "TIF022030" "TIF022032" "TIF032022" "TIF032028" "TIF032029" "TIF032031" "TIF032032" "TIF032033" "TIF042023" "TIF052028" "TIF052034" "TIF052036" "TIF082028" "TIF092034" "TIF092035" "TIF112019" "TIF112020" "TIF112027" "TIF112029" "TIF122028" "TIF122029"
"01/01/2019" 135.34009486466 130.295789969345 116.08659450088 126.071980481095 132.394075286928 137.005302161337 129.182557974421 132.58679731007 132.606168800301 135.677311255202 131.978685662488 133.36151749369 128.617952894123 133.297576129794 134.107522587874 121.999335179862 120.752999631497 84.7304039988724 123.851839179937 121.523756954347 111.867310203619 124.543663407167 129.508905320146 84.1292305272539 93.5252488523617 93.2859811320252
"02/01/2019" 132.8750093981 129.707197957098 120.289601706333 123.947137741473 133.966947681122 139.077676282348 132.121856959913 129.143881310597 133.610704906009 137.208937040838 134.556324485563 136.388685267173 131.934907214888 130.248603782154 135.184801906905 125.693638126166 124.813109022877 86.3095611838236 127.605483261406 125.501684093247 111.909437463271 122.900365156674 130.294643219735 86.2095163171587 95.1871267906737 95.3861413091902
"03/01/2019" 134.954480508389 130.041450735397 116.309467023032 126.325578201854 132.351093685235 137.004776713284 129.272703523196 132.405966711723 132.505523793258 135.625694458705 132.031285184182 133.455338465766 128.744072391901 132.927028762362 134.012673500077 122.169217811195 120.956697955013 84.7199770173836 124.023940491105 121.719151754661 111.974395825616 124.869887553274 129.389874144948 84.1761534318632 93.5179924337887 93.3270338876303
"04/01/2019" 130.906065582069 126.724277991871 114.936761955797 124.059380348472 129.737330015734 134.438948823133 127.174034339267 128.394771417296 129.681102716292 132.909086464878 129.746568382841 131.289528212021 126.780962466117 128.757326519618 131.17929895914 120.495930792325 119.419431388905 83.149033055447 122.315673571425 120.139215088051 111.647384396817 123.155653073119 126.568938958959 82.8044766922584 91.778500599822 91.7532702898287
"07/01/2019" 126.391747139443 127.389338739645 130.359884317123 111.660686141381 136.383559118355 142.894283448602 138.333422240562 118.88643487505 134.811828196651 139.699894078707 139.702295710034 142.693055778525 139.186086815009 122.305875876642 136.627599008437 133.951525912794 134.526685354113 89.4685232887138 136.173350832733 134.805081087198 103.420269072646 110.417896472969 130.938684049305 90.5636357376833 98.4971592063323 99.7298994264036
"08/01/2019" 131.520504398312 129.361915204928 122.613713132269 121.599460551361 134.804896616937 140.017462052505 133.544829755277 126.782230843944 134.05109374419 137.862951911834 135.807411767035 137.916128821614 133.594488694331 128.53090873398 135.594553294715 127.712286311648 126.91979566593 87.1993333195513 129.567481701182 127.615918036217 111.714505014883 120.751671427622 130.70108641806 87.3447300027897 96.0344777887298 96.4749077475621
"09/01/2019" 133.640295445809 129.65233469719 118.217220854773 125.633486084481 133.023968360272 137.871839769691 130.554281958162 130.702467952239 132.878502193805 136.237343640986 133.145659950634 134.78556778535 130.205480290804 131.335064415132 134.408039342814 123.845297965089 122.765568281679 85.4210362768811 125.699422236271 123.502620526515 111.623728924711 124.489787279935 129.679822429101 85.1132351070067 94.2346810199783 94.255003458221
"10/01/2019" 135.145668087407 130.340037506145 116.705732708017 125.810535312149 132.71249912361 137.396332996074 129.672851377568 132.25352938891 132.857499303922 135.999817560945 132.426533874085 133.863942736968 129.152019960565 133.026255870346 134.371842415365 122.566509737563 121.365146462586 85.0137925813062 124.430989774837 122.125700268094 111.838155716443 124.312824230121 129.72677714192 84.4736747761503 93.8284658748647 93.6419803024194
"11/01/2019" 134.46482408636 129.340713383378 114.99013996576 125.52785121445 131.299396920354 135.875838431445 128.067932062155 131.86881111179 131.553611549788 134.584617900655 130.855373862736 132.202251711537 127.485548503521 132.479429239576 133.051005308206 120.87809140384 119.647117676187 83.9726185428228 122.728320023166 120.405679409372 111.762501013134 124.047101438019 128.479072023314 83.3576275407534 92.7129555456929 92.4550659327356
"14/01/2019" 0 0 0 0 0 0 0 0 0 0 0 0 0 0 0 0 0 0 0 0 0 0 0 0 0 0
"15/01/2019" 135.263955813532 130.265116109798 115.941901318773 125.419668434783 132.307583397316 136.908587476859 129.069773603771 132.214875021212 132.539537520446 135.596106435466 131.871947751196 133.24050128841 128.494339525578 133.149383144335 134.04062573326 121.864538369787 120.61434881177 84.7050881612427 123.717955292092 121.38465653188 111.586415264118 123.868331859771 129.44809552979 84.0821830832931 93.4877863433186 93.2300103643372
"16/01/2019" 135.502596870126 130.441633045961 115.908749098633 125.518316409615 132.398600287668 136.977484253832 129.09487139435 132.416748735374 132.651208507827 135.6863755825 131.915980498248 133.268605308472 128.504495976103 133.389752558613 134.148285382923 121.857671138489 120.587017113481 84.7506612725164 123.707334305152 121.363414671178 111.581224353432 123.944556373424 129.568797551026 84.1032382862022 93.5349670074172 93.2574178175145
"17/01/2019" 135.544099131395 130.4956962084 116.027025369877 125.61147198915 132.486581823208 137.07453674496 129.200764156687 132.481834516294 132.729817172609 135.77441401169 132.018207076103 133.378486116878 128.615883662489 133.433929732775 134.228319456479 121.971983933028 120.704882090097 84.8110951972829 123.822849966504 121.480985259951 111.625182474943 124.039339357982 129.642766858628 84.1719857141508 93.6015028624109 93.331333068687
"18/01/2019" 133.277607492814 129.003972896218 116.82507133713 124.670428031486 131.955161863363 136.784916675652 129.370957252637 130.384675909251 131.963552005214 135.246295569084 131.990274855581 133.534377078253 128.953228488909 131.057874088784 133.504680063663 122.492131728004 121.439528261584 84.6446776624308 124.382172840892 122.154530070116 111.814516241952 123.375478856908 128.775752525883 84.264162636644 93.433448553239 93.3757531098815
"21/01/2019" 134.052130711753 129.769338928603 117.553348575106 125.326797056682 132.761668346263 137.599229951129 130.146530933599 131.125466230312 132.752157846921 136.048844606908 132.783946944827 134.343151914061 129.731594818966 131.818288011557 134.293336625381 123.254009902235 122.176328810537 85.1787573684138 125.141592184371 122.903802129508 111.926251992701 123.99387694359 129.555428501338 84.7944570722233 94.0074115765646 93.9518324802196
"22/01/2019" 133.767766007217 129.321575383461 116.63099224521 124.721490989014 132.057423633265 136.83691450158 129.321730744455 130.804393366953 132.120575717933 135.351387819587 131.98430638101 133.486237997673 128.865890632388 131.570787382471 133.653475337779 122.360823775343 121.262595647897 84.6782410228002 124.244137629674 121.990253638331 111.663424670729 123.340478898466 128.953647343061 84.2395389757934 93.4668906211804 93.3608914635036
"23/01/2019" 133.509717360599 129.831829349525 119.078273255998 124.305825411466 133.486685089254 138.50597025125 131.31267871468 130.078752114644 133.314429372576 136.785030087216 133.838356319507 135.5371663249 131.013060521695 131.05144374049 134.886970834329 124.626820854109 123.678606718967 85.8527853418482 126.547942562982 124.375144871031 111.78076730328 123.043326414926 130.036480743326 85.6183633633367 94.7248179523161 94.7993631267261
"24/01/2019" 132.752219533189 128.542685671188 116.588063328151 124.689926069841 131.568609064511 136.406105673583 129.048328387089 129.993874237052 131.555548136505 134.851374703483 131.643415871442 133.199268894398 128.644951236155 130.542937781152 133.098119565936 122.216435285756 121.185185848156 84.3875634807931 124.103884105697 121.89196134226 111.942777769168 123.492609247191 128.367580182784 84.0338551967623 93.1578137292252 93.1209554493085
"25/01/2019" 132.842756936154 128.873333355504 117.50492931848 124.898513811264 132.202309602287 137.088853884195 129.819393809592 129.939064045239 132.095515399046 135.460741942589 132.379613531793 134.001562469069 129.464764381389 130.545412146219 133.643940558402 123.089981754198 122.075926189013 84.8749808261288 124.971113538955 122.783232112262 111.890251649923 123.786861895276 128.884781488361 84.5798306854556 93.6683296277381 93.6879225574482
"28/01/2019" 132.485803129559 128.313597183149 116.405468595249 124.017446125451 131.336864685818 136.187747483 128.850702110876 129.58576533118 131.33363278083 134.632177907449 131.435349299465 132.988255393887 128.448636358039 130.250743326799 132.880116848746 122.018254534204 121.007833453697 84.2617695645918 123.914665038674 121.706619276261 111.692032820066 122.776593588132 128.141396435754 83.9098297247427 93.0214932981262 92.9836389546738
"29/01/2019" 132.612275994812 129.60090953814 120.516239100997 122.661309001715 133.967057866694 139.187397728119 132.306673519516 128.573424797048 133.621479627461 137.279868427454 134.696309945957 136.548247208819 132.139012355231 129.907029150479 135.22907969189 125.867167491013 125.084633304556 86.398837741366 127.828688700461 125.737855904787 111.213352104692 121.440486683482 130.257587436126 86.331486131343 95.3006808930986 95.5187799954844
"30/01/2019" 0 0 0 0 0 0 0 0 0 0 0 0 0 0 0 0 0 0 0 0 0 0 0 0 0 0
"31/01/2019" 133.50833410177 129.871825210938 119.160443517306 123.867033863217 133.544204034303 138.575501136328 131.390778966151 129.912019369144 133.37129053381 136.848966382882 133.912202972269 135.614567781208 131.094185973865 131.014600926137 134.946714942731 124.705017486614 123.765250730144 85.9214945772981 126.631066878372 124.459319913086 111.494110388855 122.554809676744 130.088168922012 85.6872521048623 94.7945137301095 94.8693109259676
