"VEBONO012020" "VEBONO012021" "VEBONO012023" "VEBONO012025" "VEBONO012029" "VEBONO022022" "VEBONO022024" "VEBONO022025" "VEBONO022034" "VEBONO032027" "VEBONO032031" "VEBONO032034b" "VEBONO032035" "VEBONO042024" "VEBONO042028" "VEBONO042029" "VEBONO052021" "VEBONO052028" "VEBONO052029" "VEBONO062020" "VEBONO062028" "VEBONO062032" "VEBONO072033" "VEBONO082025" "VEBONO082037" "VEBONO092029" "VEBONO102028" "VEBONO102030" "VEBONO112020" "VEBONO112028" "VEBONO122023" "VEBONO122036"
"01/03/2019" 107.918110391504 120.882048356246 117.627723037064 118.017890759041 89.9755783859797 119.250297147471 115.224497507076 119.908039817309 123.183558032044 122.026687073747 128.594817403329 121.951543088593 122.694902913836 116.533416444301 122.410921106105 105.151997613441 120.879794351406 82.7595021208527 123.608291244629 116.472943705365 88.8357760741046 123.273212003867 123.313927190649 145.298148296032 120.378930894818 82.8864377600851 123.136364999755 91.9098624524059 114.264152915453 81.8124849408228 114.544192049584 123.71849781511
"04/03/2019" 107.593611833802 118.490715134786 120.020396872095 123.358555399021 89.9572331901766 118.213035979201 120.38142086739 125.513286661882 116.636343352387 125.458064045383 125.751751839584 115.164296069826 114.873965115473 121.588008287494 124.16470610803 104.990451377187 118.199568877913 83.7038674201395 123.848021913889 117.372020477666 89.6163894105264 118.620743824507 117.414737488961 150.969467143649 110.699198445333 81.726460414947 124.115681423862 89.3914044140085 112.965719741351 81.8702798017451 119.209855770733 114.291444904797
"05/03/2019" 107.990550626414 120.710112481275 117.99307512716 118.016161141137 89.8325974857537 119.55873609668 115.37999058161 119.889828130943 123.408289471054 121.844602940025 128.590541465367 122.179192901794 122.996138792541 116.665946526049 122.231348126404 105.020056577255 120.866937368186 82.5892477681051 123.468885107743 116.198945347242 88.66766544963 123.366179281262 123.484565771203 145.238107942032 120.834207274523 82.789119504555 122.974175139526 91.8810048031446 114.006730685363 81.6680870495265 114.748824086672 124.142998670912
"06/03/2019" 107.831460134132 120.894494948835 117.657584493816 117.887873820532 90.0005484008895 119.368726794426 115.128976873522 119.786764312706 123.479469446325 121.947536873253 128.739344325656 122.243629677395 123.03295698231 116.433921159561 122.38001783139 105.185633665335 120.952090565752 82.7595303836429 123.634019691877 116.357196667299 88.8335504691817 123.482672669756 123.5706282811 145.150512724199 120.802103216189 82.9539693213582 123.133641150963 92.0267940987105 114.2279534699 81.8401932673616 114.479155280483 124.130218044326
"07/03/2019" 107.822179033436 120.842148224675 117.797825582515 118.327022667302 90.2534958223398 119.317612837702 115.476630406184 116.430644536877 123.45637475229 122.391508128655 128.929840869154 122.211786995895 122.942806152501 116.802321007197 122.763863709539 105.458209831195 120.867390385973 80.9925741260702 123.950612736852 116.388000290876 89.121061578568 123.571308459706 123.586768130669 145.657885276295 120.575223340029 83.1395498738627 123.485325745926 92.1607988165691 114.203335830974 82.0790509204625 114.798269659925 123.941623280112
"08/03/2019" 107.701982952736 118.566373772916 120.232779802154 123.594053238595 90.082864809486 118.358796530803 120.491427226251 121.914515691738 116.854653857573 125.719822151306 126.006793650003 115.361902719112 115.093241921317 121.802508644188 124.355473427253 105.146738815798 118.285847522386 81.744399685611 123.972772487681 117.147545947589 89.7531145183961 118.850143642327 117.565008666862 151.20948340317 110.781159933133 81.8490271856514 124.284793235877 89.5119786499379 112.842210539204 81.981414835719 119.453042880002 114.513939674275
"11/03/2019" 107.780432180211 120.764522039794 117.806098463104 118.324814107573 90.2020259055357 119.27518340248 115.488758450902 116.417346243557 123.525554812779 122.340871608406 128.913084782897 122.275580017281 123.036273410869 116.816964301066 122.696824652811 105.404648546828 120.790076365758 80.9344117597877 123.888034982695 116.332752344972 89.0673663048605 123.587432086701 123.627272112196 145.629701279318 120.723949938419 83.1026702201826 123.419331854357 92.1388546925992 114.125285603908 82.0337360434234 114.825310534011 124.083314594487
"12/03/2019" 107.797906312803 120.81478121147 117.88313271051 118.20050537845 90.2138380181884 119.4826154413 115.405595076327 116.286664445808 123.577299076253 122.277206372186 128.960241958191 122.327957963043 123.085880284156 116.724257965301 122.67924597143 105.421273141466 120.928252849705 80.9252524484775 123.90136176598 116.230142999664 89.0626787261884 123.641224491642 123.679884379674 145.507647334739 120.759384016375 83.1317719826015 123.418926343311 92.1822195292149 114.112590236024 82.0435914623954 114.762927385765 124.125696988507
"13/03/2019" 107.839565174188 120.694131668706 118.006019178107 118.390165667822 90.0106768859675 119.389804356924 115.636856173564 116.463545128562 123.376932483398 122.217402584047 128.707942185669 122.126071800648 122.909069224063 116.954724125184 122.516316800453 105.206519102728 120.765743911834 80.7501646352148 123.680459022511 116.270309854967 88.8849134270428 123.402706140187 123.459005862717 145.654362830692 120.645855589167 82.9124116783308 123.223201332479 91.9504873513314 114.03500474835 81.8466460946657 114.99243833543 123.994812368531
"14/03/2019" 107.799688384614 120.787904647349 117.992106954784 118.349651612308 90.325857734277 119.525483475208 115.546105857421 116.431830689788 120.352607692153 122.42126717661 129.128720964665 122.520791563785 123.290623990835 116.869234010103 122.820056101607 105.549045348406 120.91507732907 81.0261556068809 124.046686381316 116.205984568181 89.1729496981982 123.816726405783 123.866012349006 145.673496516393 120.983672741952 83.2405018327484 123.561616332165 92.3064581564929 114.078897438859 80.1287307044845 114.90468820312 124.349907998357
"15/03/2019" 107.523809926205 118.327279763109 120.011485098189 123.52852552225 90.328965366619 118.104371892434 120.468500792977 121.999857237379 114.076195667942 126.024740396875 126.387085215745 115.705525795561 115.500459237763 121.684998375144 124.505061544907 105.369725175854 118.033625717696 82.0699068709418 124.240711532721 117.702350594411 90.0205442118218 119.20296827596 117.920252818326 151.107316285489 111.265668025306 82.1885215662519 124.477320277145 89.7930560202122 112.885967243717 80.4012349817823 119.54326426653 115.003226031996
"18/03/2019" 107.7924584274 120.664277873731 118.164805772907 118.428967713987 90.2635005900622 119.622903295712 115.673801173451 116.494018093096 120.296866861562 122.404310860749 129.071874286294 122.474514209364 123.252544041975 116.993533159791 122.771300820785 105.48758824641 120.85665890027 80.9609756022904 123.983116568513 116.051663304141 89.1154062727011 123.762932984658 123.811755868905 145.731453625799 120.951803322209 83.1775727707784 123.505016387325 92.2437674513812 113.920938399335 80.0594686366869 115.053296386726 124.323643595291
"19/03/2019" 107.777052253894 120.656200195514 118.151578475937 118.385090166135 90.2681054300485 119.630554380536 115.634952147311 116.448009069758 120.358619121993 122.378723467005 129.10217798924 122.539342181042 123.327650614624 116.95412335826 122.759337502282 105.493181569264 120.858577940528 80.9574484236179 123.985549325415 116.023976603734 89.1132589363121 123.808744384804 123.86857244012 145.682555284802 121.04632919081 83.1929119431836 123.50027530682 92.2702073176827 113.904564934071 80.063037184885 115.020686580199 124.415236113212
"20/03/2019" 107.793373709108 118.26897205512 120.073201165566 123.635105999957 90.3375915277054 118.0550698809 120.361860292106 121.859019854286 113.917088438726 126.073990414907 126.493202892857 115.805530886937 115.612857503678 121.759091950209 124.562845398205 105.407319287866 117.929006081436 81.9116923431107 124.188183589192 117.229895546714 90.0265671940438 119.316996012464 117.941816504621 151.191593903097 111.186098350024 82.1784745212593 124.501139212254 89.8073591544929 112.526259172865 80.228433044967 119.555230830585 115.098040994529
"21/03/2019" 107.656525122687 120.51398996727 117.551752524804 119.878092752313 90.7021182682028 117.499713760466 116.763559959061 118.161370778637 119.878438400249 120.064847322752 129.133769474299 121.824531341018 122.566164390557 118.072014724816 123.513563012483 105.855630153817 119.404994510824 81.7152522039141 124.46025688922 116.277696817325 89.8016944296806 123.464749128298 123.273797875754 147.161901494022 120.081012084303 83.4745309586936 124.087309072221 92.1652265823123 115.134903683055 80.6459800786851 112.632769923552 123.545242638296
"22/03/2019" 107.671426684989 120.515535449988 117.588046070183 119.904320444826 90.7070194981133 117.523444482134 116.786953100648 118.175179082802 119.910347106099 120.064870246996 129.169889852528 121.867748277307 122.625581090377 118.101540377015 123.51841865739 105.861559888853 119.410320726113 81.7115585795386 124.46248486295 116.274025869082 89.8108290975485 123.501867396501 123.304943683382 147.178675394145 120.143538912742 83.4887664847898 124.090802463435 92.1758987874331 115.129209429772 80.6428514673888 112.656031476276 123.625344174773
"25/03/2019" 108.048079597619 121.520899870905 117.157214724508 119.277931602492 91.1600370451715 118.310198520662 115.815871482024 117.419385474596 119.980328376653 119.986852746422 129.620730363884 122.130935715257 122.686770704728 117.281251864426 123.989694433511 106.395908557823 120.820391232501 81.9651433206749 124.977845577078 114.333518069714 90.1469716227412 123.914909444886 123.647083696995 146.848932465173 119.821127341325 83.8654660614375 124.620149882111 92.6719454288889 115.260784652832 80.934023067739 111.518397178292 123.370457955674
"26/03/2019" 110.914954373527 116.774849879657 120.412524361882 123.005487046053 89.9479489654625 118.182066993717 120.077193059469 121.001853607621 117.730861756708 120.988276288468 127.544681281159 119.911596892582 120.642965657259 121.512047349947 123.802333350571 105.164713902508 117.034527182803 81.123783029419 123.888427155352 111.342213562957 89.3220879547042 121.599015558757 121.352006140548 150.42835502197 118.571198545549 82.1540251937587 123.959338448889 90.6308559028558 110.354085751565 79.6791342090818 115.710852605559 121.83362202269
"27/03/2019" 107.649583235846 119.222485843832 120.576637885047 123.901099952596 90.2772770097707 118.753644432884 120.823045453407 122.243932221423 113.749037416127 122.594608481307 126.688358243263 115.467426493194 115.428319871939 122.084376715975 124.484330822072 105.289141189332 118.819922755059 81.9755452695321 124.114056640537 115.430819270216 90.1305934425538 119.230057109102 117.601400510579 151.339138220282 110.842294105748 82.3122183545646 124.398881553862 89.6213797378283 113.851672369753 80.2815968896022 116.700890554863 115.064152893275
"28/03/2019" 108.020514705251 121.464683131057 117.051965302051 119.299317504979 91.4741382807102 118.158697031609 115.774904640027 117.439157882915 120.794320207371 120.150025940858 126.422062305293 122.962802330949 123.603782899534 117.25657895391 124.257569067721 106.743903127509 120.71179586257 82.219637506406 125.344072092099 114.35611439458 90.4198312419893 124.594752804271 124.420304882612 146.887464050292 120.901111771236 82.1515462354584 124.935803622438 93.1344812642856 115.23267977041 81.2282585653969 111.466364212384 121.055200004623
"29/03/2019" 107.830162294598 121.00896620978 117.365617266617 119.740119311371 91.1887535602471 117.697056200944 116.356250317151 117.866469923058 120.530616983177 120.124060967586 126.101037019035 122.674896575486 123.393858959154 117.812379130044 124.001828901417 106.422921140171 119.944790548841 81.9972585033174 125.006994716278 115.282766822545 90.2027342314753 124.280498338777 124.087442585014 147.15766847583 120.76733745464 81.8748312001013 124.62741163954 92.7947038943378 115.188964659884 80.9717291416103 112.094121837957 120.938345769704
