"TIF012024" "TIF012026" "TIF012037" "TIF022021" "TIF022029" "TIF022030" "TIF022032" "TIF032022" "TIF032028" "TIF032029" "TIF032031" "TIF032032" "TIF032033" "TIF042023" "TIF052028" "TIF052034" "TIF052036" "TIF082028" "TIF092034" "TIF092035" "TIF112020" "TIF112027" "TIF112029" "TIF122028" "TIF122029"
"01/11/2019" 155.057128951057 163.819861312036 154.638005125511 120.12439363835 177.868635745681 180.533507513316 171.931549252524 131.950366791294 175.58959908828 177.357850646154 175.461651649049 181.16760296289 170.834615594656 146.675554714927 173.690817033454 165.682242087136 157.415898581421 121.03210468842 167.159655153255 163.016859287951 116.947616509459 170.974955954136 120.887432748042 129.096994228561 131.780980054614
"04/11/2019" 155.114852504513 163.898533741006 154.760180975684 120.147090086185 177.977938424525 180.651260548364 172.055000936231 131.985471236074 175.69072520087 177.467402018582 175.58300406256 181.295583574203 170.961552261693 146.724036701222 173.793062928272 165.808785048961 157.540084527967 121.111980189371 167.286828398115 163.142993770586 116.968080680556 171.071542252364 120.973317585996 129.182744911533 131.872594134431
"05/11/2019" 155.134074505297 163.924741186634 154.800910043999 120.154637431371 178.014360714932 180.690501624031 172.096146934603 131.997154007413 175.724420244789 177.503907373658 175.623447910526 181.338238546618 171.003862251803 146.740178130787 173.827131873278 165.850966202871 157.581483054486 121.138598303522 167.32921994302 163.185040652652 116.974884272205 171.103723774269 121.001940861704 129.211321214679 131.903126324548
"06/11/2019" 155.153286907415 163.950940275395 154.841640998143 120.162175704814 178.050777027475 180.729737721413 172.137290641126 132.008827418691 175.758108449054 177.540406834267 175.66388826941 181.380890892574 171.046171115837 146.756309938014 173.861194298772 165.893147431137 157.622883179347 121.165212884161 167.371611710848 163.227088554166 116.981678961816 171.135898331537 121.030561628369 129.239893881332 131.93365558866
"07/11/2019" 156.310408336947 165.469921110706 155.809894978635 120.24984177596 179.716124027797 182.362634855533 173.544609313616 132.557056703566 177.412560905878 179.20690837053 177.184883474874 182.828496059798 172.372431671842 147.687290264855 175.525394203538 167.085183244144 158.648006555741 122.397277265777 168.529548620396 164.300279806075 116.985569575212 172.779478073072 122.17904520805 130.527483090496 133.148974500532
"08/11/2019" 156.328654845234 165.495595202875 155.850603796256 120.255944662097 179.752445482535 182.401854966506 173.585816650876 132.567470132463 177.446041761129 179.243325000159 177.225374023727 182.871164394305 172.414811037141 147.702320466871 175.559301281177 167.127411491276 158.689413430029 122.423982687099 168.571951403935 164.342319557463 116.99091766999 172.811426402314 122.207817724116 130.556146021964 133.17961346241
"11/11/2019" 156.383329506679 165.572560676759 155.972738794502 120.274193165164 179.861368738966 182.519480708855 173.709421253648 132.598647707767 177.546437566766 179.352534327406 177.346820654795 182.999149688301 172.54193900131 147.747346241478 175.660977854677 167.254093604016 158.813640844386 122.504074483387 168.699157977433 164.468441960564 117.006903057611 172.907223804999 122.294117555843 130.642109590247 133.271509786153
"12/11/2019" 156.401532758165 165.598196882664 156.013453294933 120.280255942345 179.897662766854 182.558677737111 173.75061696268 132.609019319076 177.579887227811 179.388923894262 177.387294503482 183.04180486015 172.584311590931 147.762333209792 175.694855138485 167.296320079693 158.855052231117 122.530763577317 168.741559557747 164.510483794676 117.012211883344 172.939140390699 122.322878245127 130.670755687688 133.302135023205
"13/11/2019" 156.419725184562 165.623823603621 156.054169205477 120.28630868825 179.933949921786 182.597868977937 173.791809747986 132.619380468497 177.613329074712 179.425306679165 177.427764159747 183.084456724102 172.626682470735 147.777309360129 175.728724958173 167.338546098239 158.896464734541 122.557448577695 168.78396082339 164.552526137038 117.017510888399 172.97104902538 122.351635965863 130.699397564164 133.332756816378
"14/11/2019" 156.437906781519 165.649440834278 156.094886521897 120.29235140127 179.970230197263 182.637054424632 173.832999602896 132.629731153041 177.646763101231 179.461682675612 177.468229616637 183.127105273261 172.66905163436 147.792274688671 175.762587307475 167.380771653944 158.937878350088 122.58412947984 168.826361768814 164.594568982677 117.022800071415 173.002949702989 122.380390713312 130.728035214689 133.3633751606
"15/11/2019" 156.456077544686 165.675048569286 156.135605239951 120.298384079801 180.006503586789 182.676234070496 173.874186520739 132.640071369723 177.680189301135 179.4980518771 177.508690867199 183.169750500733 172.711419075444 147.807229191604 175.796442180129 167.422996741097 158.979293073186 122.61080627907 168.86876238847 164.636612326616 117.028079431035 173.034842417473 122.409142482731 130.756668634282 133.393990050804
"18/11/2019" 151.168520796779 158.829003134444 152.065877173818 120.002543441971 172.706905383542 175.583383097471 167.862294899959 130.147186298663 170.3752212877 172.194097384926 170.96064640116 176.991530885159 167.07592376331 143.543803846321 168.45135032309 162.387967372111 154.66482526025 117.217622471302 163.990299173789 160.12432790563 117.136448767876 165.745709070705 117.456299331817 125.132871159109 128.154329254545
"19/11/2019" 151.191112228698 158.856898590963 152.106848365748 120.015519266268 172.743513643231 175.622578278461 167.903239229163 130.163484341613 170.409483270987 172.230744518614 171.000874013934 177.034168610489 167.118057395971 143.56386919609 168.485793052517 162.43010589558 154.706357481865 117.243774790184 164.032796464444 160.166566652373 117.148753626328 165.778507891693 117.484300943771 125.160989545396 128.184397496783
"20/11/2019" 151.213698832738 158.884789902455 152.147823251909 120.028490153558 172.780119099571 175.661771303226 167.944183449306 130.179777524689 170.443741931947 172.267388898674 171.041100552602 177.076806094785 167.160191944028 143.583929657867 168.520232645775 162.472246401504 154.747893106515 117.269925486514 164.075295938634 160.208808322877 117.161053587506 165.811303316387 117.5123015647 125.189106288851 128.214464555955
"21/11/2019" 151.2362806064 158.912677066147 152.188801829432 120.041456101938 172.816721749013 175.700962167935 167.985127555862 130.196065845739 170.477997267258 172.304030521555 171.081326012614 177.119443333354 167.202327403076 143.603985229293 168.554669099536 162.514388885867 154.789432131065 117.296074557832 164.117797592444 160.25105291367 117.173348649596 165.844095341616 117.540301191923 125.217221386805 128.244530429158
"22/11/2019" 151.258857547183 158.940560079261 152.229784095446 120.054417109504 172.853321588005 175.740150868763 168.026071544301 130.212349302612 170.5122492736 172.340669383704 171.121550389422 177.162080321504 167.244463768707 143.624035908008 168.589102410474 162.556533344651 154.830974552377 117.322222001677 164.160301421961 160.293300421274 117.185638810785 165.87688396421 117.568299822761 125.245334836593 128.274595113491
"25/11/2019" 151.326559347271 159.02418418738 152.352752995706 120.093270468293 172.963104206785 175.857703949676 168.148902755629 130.261170466661 170.614985285602 172.450569370239 171.242216975111 177.289989736512 167.370878261002 143.6841585643 168.692383453083 162.682978527325 154.955622165493 117.400654543771 164.287825925572 160.420060410172 117.222479870818 165.97522938448 117.652289710153 125.32966527029 128.364782004267
"26/11/2019" 151.349116931548 159.052050570425 152.393749986945 120.106211693581 172.99969276848 175.896883956698 168.189846226307 130.277434445317 170.64922394286 172.487197153941 171.282436973592 177.332625676051 167.413018208862 143.704189648581 168.726804159463 162.725130843581 154.997178142451 117.426795453119 164.330338418729 160.462319550229 117.23475041028 166.008004364831 117.680284328641 125.357772100745 128.394841904114
"27/11/2019" 151.371669670448 159.079912789013 152.434750652296 120.119147968546 173.036278501976 175.936061780701 168.230789556215 130.293693549041 170.683459254547 172.523822159151 171.322655866112 177.375261341699 167.455159041248 143.724215828355 168.761221706388 162.767285114144 155.038737500459 117.452934722692 164.372853067992 160.504581589692 117.247016039782 166.040775926694 117.70827793734 125.385877269702 128.424900600588
"28/11/2019" 151.394217561471 159.107770840368 152.475754988877 120.13207929129 173.072861403723 175.975237417858 168.271732740821 130.309947775682 170.717691217342 172.560444382319 171.36287364812 177.417896728758 167.497300753744 143.744237101262 168.795636090532 162.809441334986 155.080300236369 117.47907235003 164.415369869437 160.546846525074 117.259276757515 166.073544066899 117.736270533569 125.413980774494 128.454958090788
"29/11/2019" 151.416760602119 159.135624721715 152.516762993804 120.145005659912 173.109441470172 176.01441086434 168.312675775592 130.326197123091 170.751919827925 172.597063819893 171.403090315063 177.46053183253 167.539443341933 143.764253464942 168.830047308569 162.851599502078 155.121866347033 117.505208332673 164.457888819135 160.589114352887 117.27153256167 166.106308782273 117.764262114647 125.442082612455 128.485014371814
