"TIF012024" "TIF012026" "TIF012037" "TIF022021" "TIF022029" "TIF022030" "TIF022032" "TIF032022" "TIF032028" "TIF032029" "TIF032031" "TIF032032" "TIF032033" "TIF042023" "TIF052028" "TIF052034" "TIF052036" "TIF082028" "TIF092034" "TIF092035" "TIF112019" "TIF112020" "TIF112027" "TIF112029" "TIF122028" "TIF122029"
"01/07/2019" 160.939643056607 168.356673455217 156.645938680124 127.481200689401 181.634969925112 188.056339478081 178.366448119867 142.613249164597 179.516235397694 185.052463612939 182.357400266525 184.135951199752 177.10865101287 152.771908227801 181.445496428558 167.999024922055 162.923551873361 122.127866053613 169.450360813063 165.181209966569 109.216551497369 124.644210713615 174.920558360637 121.911864829987 132.954189155566 133.225472946343
"02/07/2019" 160.960169683291 168.383948106164 156.686749919071 127.490184686876 181.672254056367 188.096498025077 178.408256268181 142.626458096827 179.550831523219 185.089942145113 182.398634829687 184.179189169762 177.15152992484 152.78939525035 181.480571621937 168.041529230662 162.965187541379 122.154934957018 169.493036419966 165.22344690006 109.220992294317 124.652463852245 174.953661282988 121.940877800297 132.983340035617 133.256455894378
"03/07/2019" 160.980686760961 168.411214493081 156.727563082023 127.499159390935 181.70953223916 188.136651343642 178.450061955845 142.639657308595 179.585420859791 185.127414506644 182.439865710114 184.222424630509 177.194407544677 152.80687267347 181.515640041185 168.084033721585 163.006824595501 122.182000433485 169.53571235301 165.265684929665 109.225424747983 124.660707820721 174.986757300716 121.969888333116 133.012487182209 133.287435987896
"04/07/2019" 165.334350868737 173.794396391783 160.318064421168 128.271793601177 187.179157520604 193.348442255776 182.915815289095 144.89824204065 185.117260756623 190.529813737528 187.259621791227 188.889215857958 181.47300665384 156.417969222588 186.99759815016 172.102788350041 166.654460129254 126.167773153941 173.478703707999 169.050731716537 108.131508608873 125.154385518361 180.538862787941 125.580483754187 137.127047171607 137.122940229992
"05/07/2019" 165.351627503449 173.820137547 160.358403619471 128.275831414473 187.216298704927 193.388371655051 182.957384224607 144.90687494732 185.151417400695 190.566991311956 187.300694453559 188.93222288219 181.515566435338 156.431675446413 187.032207565678 172.145011704678 166.695520839619 126.195380024055 173.520967493182 169.092493543334 108.13087433362 125.157654977115 180.571483333299 125.610071343005 137.156580326699 137.154332122007
"08/07/2019" 165.403373840768 173.897287832696 160.479422678581 128.287870689693 187.327671029949 193.508114947056 183.082065624439 144.932692613696 185.253828523208 190.67847122167 187.423878714768 189.061217717651 181.643227660629 156.472711236328 187.135977385436 172.271673124156 166.818701022129 126.278170882202 173.647750764836 169.217775486076 108.128908255252 125.167390712705 180.669284707956 125.698813338224 137.245147733419 137.248483432849
"09/07/2019" 165.420594748679 173.922980179662 160.519762838605 128.29185905601 187.36477803576 193.548014382269 183.123617598331 144.941271476485 185.287945935111 190.715613560561 187.464928867728 189.104207225758 181.685775340375 156.486362193167 187.170547823953 172.313890696138 166.859760417801 126.305757897813 173.690009141719 169.259534937427 108.128231812232 125.170611741203 180.701865053947 125.728387060294 137.274659495429 137.279859060817
"10/07/2019" 165.437801713207 173.948660308361 160.560103228246 128.29583505769 187.401876477035 193.587906306331 183.165165313953 144.949836822219 185.322053519701 190.752747070702 187.505973374209 189.147192336353 181.728319977967 156.499999323808 187.205108498869 172.356106807678 166.90081947307 126.333339935017 173.732266152245 169.301293782153 108.127544827758 125.17382065979 180.734435331283 125.757957301232 137.304165893635 137.311230607338
"11/07/2019" 165.454994729686 173.974328212317 160.600443843178 128.299798693584 187.438966345811 193.627790711188 183.206708764157 144.958388648473 185.356151269269 190.789871744149 187.547012226556 189.190173042044 181.770861566718 156.51362262448 187.239659402445 172.398321452862 166.941878183242 126.360916987902 173.774521790701 169.343052015146 108.12684730203 125.177017467534 180.766995532439 125.787524055258 137.333666921823 137.342598066236
"12/07/2019" 165.472173793452 173.999983885053 160.640784679074 128.303749962547 187.476047634126 193.667667588786 183.248247941795 144.966926952822 185.390239176111 190.826987572955 187.588045417115 189.233149335435 181.813400099937 156.527232091413 187.274200526946 172.440534625777 166.982936543624 126.388489050556 173.81677605137 169.3848096313 108.126139235252 125.180202163507 180.799545649895 125.817087316594 137.363162573778 137.373961431337
"15/07/2019" 165.523627221897 174.076877451236 160.761808469244 128.315529556437 187.587239936699 193.787252977483 183.372839767816 144.99246071028 185.492443763234 190.938281912104 187.71111094152 189.36205166786 181.940997299499 156.567977452137 187.377765148639 172.567165251733 167.106109479061 126.47117523801 173.943530509478 169.510078727613 108.123951790708 125.18968357156 180.897135424858 125.905756086649 137.451617210118 137.468026902084
"16/07/2019" 165.540750428252 174.102484134397 160.802150145694 128.319431346284 187.624286823566 193.827099665505 183.41436178369 145.000944902864 185.526492222133 190.975362282922 187.752121408378 189.405010238096 181.983523543679 156.581531546492 187.412267079487 172.609372476395 167.147166393313 126.498727280617 173.985779201816 169.551833825296 108.123201561835 125.192819811229 180.929645132317 125.935305319412 137.481091295009 137.499373830225
"17/07/2019" 165.557859658632 174.128078554001 160.842492021453 128.323320763521 187.661325090171 193.866938785998 183.455879491242 145.009415561487 185.560530799794 191.012433769387 187.793126175172 189.447964359048 182.026046698865 156.595071788316 187.446759192589 172.651578199194 167.188222934285 126.526274303431 174.028026487771 169.59358828058 108.122440792978 125.195943934535 180.962144718486 125.964851030577 137.5105599726 137.530716633681
"18/07/2019" 165.574954908394 174.153660703588 160.882834092188 128.327197807025 187.698354728556 193.906770330909 183.497392883321 145.017872683749 185.594559488516 191.04949636356 187.834125234244 189.490914023318 182.068566758361 156.60859817386 187.481241480216 172.693782414209 167.229279097278 126.553816300539 174.070272361618 169.635342088348 108.121669484361 125.199055940571 180.994634175848 125.99439321436 137.540023236675 137.562055306274
"19/07/2019" 165.5920361729 174.1792305767 160.923176353565 128.331062475674 187.735375730764 193.946594292186 183.538901952772 145.026316267253 185.628578280602 191.086550057499 187.875118577936 189.533859223504 182.111083715471 156.62211069938 187.515713934636 172.735985115516 167.270334877591 126.581353266028 174.112516817635 169.677095243486 108.120887636208 125.202155828431 181.027113496892 126.023931864978 137.569481081023 137.593389841825
"22/07/2019" 165.643196008541 174.25586647264 161.044204238187 128.34258222133 187.846386840751 194.066020593671 183.663403153806 145.051565761308 185.73057520008 191.19765765853 187.998064240154 189.662667965555 182.238615905504 156.662565078412 187.619072221381 172.862584077938 167.393499875414 126.663933913662 174.239241621439 169.802350741934 108.118478856845 125.211382773971 181.124490567003 126.112526559994 137.657822033556 137.687368564425
"23/07/2019" 165.660221285702 174.28138717532 161.084547218767 128.346397379416 187.883373218681 194.105814139874 183.704894861188 145.059955165889 185.764554328663 191.23467567215 188.039034645745 189.705595235393 182.281120386082 156.676022126469 187.653505265702 172.904780665156 167.434554077969 126.691450693553 174.281480348866 169.844101235364 108.117654852871 125.214434180156 181.156929267669 126.142051020102 137.687258136851 137.718686490006
"24/07/2019" 165.677232554464 174.30689556927 161.124890368302 128.350200157092 187.920350920652 194.145600062176 183.746382210161 145.068331019785 185.798523522137 191.271684745847 188.079999297663 189.748518004135 182.323621730776 156.689465295835 187.687928438184 172.946975709031 167.475607874321 126.718962412262 174.323717629825 169.885851050565 108.116820310537 125.217473463697 181.189357794471 126.171571918117 137.716688789348 137.75000024765
"25/07/2019" 165.694229810209 174.332391648047 161.165233682453 128.353990553259 187.957319938709 194.185378352525 183.787865193564 145.076693320622 185.83248277281 191.308684871684 188.120958188247 189.79143626438 182.366119932882 156.702894582789 187.722341731105 172.989169203632 167.516661259763 126.746469063877 174.365953458586 169.927600182415 108.115975230087 125.220500623708 181.221776139903 126.201089248253 137.746113984833 137.781309831223
"26/07/2019" 165.711213048322 174.35787540521 161.205577156877 128.35776856682 187.9942802649 194.225149002868 183.829343804239 145.08504206603 185.866432072992 191.345676041725 188.161911309837 189.834350008721 182.408614985695 156.716309983611 187.756745136741 173.031361143028 167.557714229588 126.773970642484 174.408187829419 169.96934862579 108.115119611767 125.22351565931 181.254184296461 126.230603004721 137.775533717092 137.8126152346
"29/07/2019" 165.762078610781 174.43425268264 161.326608498371 128.369028300951 188.105109012738 194.344415033334 183.953753328281 145.110006946025 185.968220193707 191.456595737732 188.284735984029 189.963064072285 182.536081181333 156.756472832155 187.85989595274 173.157927570645 167.680870598254 126.856444881138 174.534882137026 170.094589773811 108.112489532112 125.232488010912 181.351347557874 126.319122774237 137.863760072374 137.906506302288
"30/07/2019" 165.779005732292 174.459687088984 161.366952570462 128.37275677319 188.142034491933 194.384155043128 183.995214376428 145.118301446084 186.002129615045 191.49355100525 188.325665953028 190.005959678964 182.57856356992 156.769832651334 187.89425973204 173.200113229876 167.721921858504 126.88392610859 174.57711061882 170.136335412026 108.111591764849 125.235454540145 181.383714883924 126.348622178148 137.89315788959 137.937794923614
"31/07/2019" 165.795918813151 174.485109141544 161.407296781109 128.376472857392 188.178951239499 194.423887372654 184.036671016035 145.126582378916 186.036029047458 191.530497277304 188.366590114722 190.048850732712 182.621042775682 156.783178565843 187.92861358546 173.242297304225 167.762972679579 126.911402233472 174.619337614016 170.178080336131 108.110683461 125.23840894062 181.4160719836 126.378117979445 137.92255021251 137.969079334107
