"VEBONO012020" "VEBONO012021" "VEBONO012023" "VEBONO012025" "VEBONO012029" "VEBONO022022" "VEBONO022024" "VEBONO022025" "VEBONO022034" "VEBONO032027" "VEBONO032031" "VEBONO032034b" "VEBONO032035" "VEBONO042024" "VEBONO042028" "VEBONO042029" "VEBONO052021" "VEBONO052028" "VEBONO052029" "VEBONO062020" "VEBONO062028" "VEBONO062032" "VEBONO072033" "VEBONO082025" "VEBONO082037" "VEBONO092029" "VEBONO102028" "VEBONO102030" "VEBONO112020" "VEBONO112028" "VEBONO122023" "VEBONO122036"
"01/08/2019" 107.820236385524 120.951891984536 114.554241425842 117.163454854208 94.0559972063924 118.730107474617 118.331074972581 119.625894165174 120.249370635745 121.092274908898 125.040090212441 118.513726967392 119.169158000008 115.330138105467 120.234657654289 106.15616039992 119.860267987907 88.9736913338527 125.444490108764 115.218779815529 93.4305924459747 120.30319954269 124.052294082905 145.718867181141 120.174337098925 88.6747664717231 125.569836293253 95.3430000338194 115.18988694219 88.0668989241851 114.046309538734 119.717098701743
"02/08/2019" 107.817531945671 117.614633481134 115.683268696732 116.291261657811 93.625325741368 121.243874899723 118.033356198252 118.717445294917 120.698105129231 120.186064938443 125.01781537914 118.964728148669 119.736677935751 114.883285007688 119.558332587873 105.75632664191 122.204500338103 88.4083356047697 125.032597504039 114.980610676413 92.8697759875754 120.508109155885 124.413966566137 144.787205737256 120.973008623385 88.4299345331901 125.024251805853 95.2958299202707 116.265223354256 87.6372523238933 113.911276532944 120.457855655731
"05/08/2019" 107.761037983561 117.585496290665 115.696067123745 116.26193122033 93.6271770241232 121.270945371728 118.018995476041 118.688171538381 120.760624149083 120.162171448725 125.045835234705 119.02742165973 119.808871623888 114.864264098742 119.546622550989 105.759904652844 122.201865636246 88.4041270678839 125.037007352569 114.905623387781 92.8651079413397 120.551697183592 124.472190674897 144.754645354996 121.066010113328 88.441590619683 125.022149599909 95.3194427206738 116.223561393506 87.6394897287882 113.900614493231 120.545132467436
"06/08/2019" 107.737025236413 117.585348392433 115.707138349898 116.229908749173 93.6765744138376 121.302905953998 117.999041842055 118.656142036838 120.971012546671 120.157330394251 125.169934561938 119.240124522549 120.046206171718 114.840658902684 119.573309233614 105.817979964634 122.218428213187 88.4356140609833 125.099014644212 114.874717008217 92.8984267211494 120.714310248747 124.668251069516 144.722211530615 121.356248655702 88.5115578070791 125.06648778071 95.4222944778104 116.214231582616 87.6861570554679 113.884738808917 120.822498204146
"07/08/2019" 107.786169976376 117.518959747478 116.046994446747 116.786537402299 93.9354813311465 121.412782654871 118.507216344326 119.215335629545 120.934840841476 120.644696199549 125.352723578308 119.197637256419 119.947660392269 115.361091470549 119.981103276868 106.09742563377 122.177570447705 88.7205427717838 125.426068623852 114.85526299637 93.1958496521738 120.791496763609 124.673222788885 145.347444949083 121.135753273582 88.697177062277 125.435424944957 95.55339482755 116.149457379263 87.9282875471126 114.368075706412 120.633738605904
"08/08/2019" 107.783311656619 117.460728096598 116.039974256289 116.957616662556 94.3222484055526 121.343245734442 118.601645894141 119.397816630905 121.600197179673 120.973431025141 125.911919334475 119.866375140708 120.649166170332 115.468950596382 120.379326590344 106.521238089989 122.105914650126 89.0687054705993 125.887085290891 114.835429782961 93.556408819645 121.394699057176 120.526654761135 145.576243831837 121.904468045317 89.1000581021327 120.793045085112 96.0167024679127 116.103076663526 88.2973235901753 114.444955342859 121.388649574551
"09/08/2019" 107.774099608076 117.458082419271 115.946902391479 116.905565588984 94.3625403758576 121.284971221592 118.520399627091 119.35122597689 121.600824699087 120.990104231885 125.942806425303 119.865667790152 120.638072787279 115.39169025385 120.412424566937 106.560515209291 122.091067462637 89.1084797815296 125.925963367232 114.834419626034 93.5954865586595 121.413504505745 120.533663803743 145.535639219542 121.869513570993 89.1395481828808 120.829750130009 96.0494151861492 116.104948138892 88.338505585314 114.359892076548 121.35978166554
"12/08/2019" 107.762251129297 117.373029081371 115.907984204432 116.888653250154 94.3479218498108 121.220185473504 118.50138300739 119.335811908014 121.597169310299 120.970760576498 125.927278234124 119.861319299824 120.637403836626 115.37208999505 120.390811630431 106.543229059073 122.008304676809 89.0961039576558 125.907377087212 114.775236306326 93.5811830717551 121.402940578683 120.526135817067 145.51425564311 121.877547287868 89.1275704245979 120.808141219907 96.0375888920846 116.026268915912 88.3262018086992 114.339318235542 121.364815244713
"13/08/2019" 107.679985458215 117.375791487987 115.834025772064 116.934160939277 94.3677123302476 121.130472985901 118.503472755707 119.386041397449 121.533054249528 121.029589975313 125.908523990936 119.795899622041 120.560290144637 115.383243134765 120.430704037519 106.559799643381 121.980320871686 89.1279640619647 125.926169216315 114.770215777586 93.6120692119684 121.362445968852 120.470200799558 145.573555739148 121.777035622957 89.13194093956 120.837648101547 96.023260363882 116.041280886595 88.3467297921302 114.329231314495 121.269483215517
"14/08/2019" 107.639223671704 117.39942181017 115.873776457586 116.789154351625 94.3681959488515 121.276100500969 118.405602907191 119.23956533584 121.630210923688 120.937379094066 125.960789476439 119.893502631781 120.666677769401 115.272022354245 120.388343095599 106.563789727528 122.071117818874 89.1085897309101 125.926492357839 114.68127689498 93.5926658756804 121.438507108679 120.560401968976 145.420038100263 121.899530988696 89.1577503852762 120.816732717804 96.0725595810726 116.025534775313 88.3476932491333 114.248847609778 121.388259325297
"15/08/2019" 107.575871994185 117.719636345686 117.516482793903 118.092139197424 94.4914415216725 117.643453263206 119.955133717758 120.50062423658 121.454558407152 121.609474269307 126.017618077067 119.712342078769 120.438104246778 116.782037177681 120.82632979058 106.737340264001 122.688672646459 89.269491268196 126.196560789126 114.60394701739 93.783409351827 121.370875204633 120.422491540603 140.228911647652 121.575824925693 89.1615195103581 121.166178766779 96.0263490989868 116.194717775531 88.4320940611014 115.813274009232 121.088247423312
"16/08/2019" 107.497139426308 117.743932979514 117.520073574672 118.002057423538 94.48356603143 117.708142139261 119.890770112246 120.409630257145 121.558224690392 121.541281598293 126.057807845758 119.817387974321 120.559550523482 116.710544403793 120.787595338489 106.732055119353 122.743932423962 89.2479373240769 126.18865641475 114.542850677861 93.7613481235781 121.440928647998 120.515111718926 140.129474659731 121.732206620776 89.1739477097547 121.142171663718 96.0621315448966 116.197915454417 88.4247384256399 115.757512474449 121.235699396625
"19/08/2019" 107.197821340511 116.10634423897 118.246648593767 121.667808255028 94.8058098988822 115.916647447395 122.886662016167 124.111691795178 117.571215313591 124.186097706161 124.495015440836 115.775066943596 115.898414195562 119.879708225099 122.341747237115 106.969869528446 120.386311409549 90.1133871204006 126.621927274881 115.907987466611 94.6185118739323 118.715054173646 116.987046681506 144.163996608575 115.91933915763 88.6952118221 122.147611891819 94.6938990762008 115.312771929462 88.7273358192743 118.426750821509 115.655386206851
"20/08/2019" 107.270819990312 117.778478736892 117.643639781417 117.993079217286 94.4691395713443 117.893115502253 119.927214982127 120.399384487905 121.583797017827 121.514117158148 126.06330654503 119.841662711742 120.589025249028 116.733792902427 120.767083366036 106.720271267475 122.864713542563 89.2289592604126 126.182481028969 114.357872841456 93.7418109509229 121.455087231214 120.535797417412 140.114465300465 121.774668164093 89.1667308042599 121.126421224394 96.0636196535752 116.180105601128 88.4105368863519 115.80315007661 121.273094917567
"21/08/2019" 107.2315868463 117.756599251912 117.605180786508 118.052114714993 94.4628501863785 117.820895178528 119.956759100805 120.461548824014 121.492838711418 121.55890078065 126.013650414049 119.749126752593 120.486955520344 116.769533572259 120.783609677892 106.709509022511 122.823483643318 89.2372382332084 126.173683385411 114.34627823875 93.7486886362727 121.384744514317 120.450729286829 140.180094250004 121.654547530737 89.1441186779003 121.129602438693 96.0208870915332 116.169160968581 88.4057110330495 115.822564334575 121.156474633902
"22/08/2019" 107.057825144326 118.735923153392 118.387805545749 118.122583072883 94.4265356658371 119.030913319818 120.256539843211 120.510045712001 121.7770417383 121.491256217025 126.147301726949 120.037176135438 120.818303876882 117.016268913579 120.753281135082 106.707995077049 119.046384853236 89.1528073413774 121.129661322532 114.616693342841 93.6773330131615 121.584030591091 120.708804945309 140.267355123721 122.081135685742 89.1434558728495 121.125743464529 96.0968069751587 116.972229210511 88.3527796534482 116.17179839913 121.558508655544
"23/08/2019" 107.026630466393 118.684870403499 118.466383452719 118.175740315862 94.3590784983815 119.056508555752 120.338636418968 120.558804739116 121.723131707092 121.461339616892 126.070648770056 119.983463047891 120.7738195949 117.093508867384 120.695087427507 106.637516904613 119.01378040517 89.0926255731426 121.056971469125 114.55704755337 93.6158115824223 121.515146789082 120.647952307745 140.304345540969 122.059879611782 89.0733471563015 121.05911960124 96.0258237691472 116.916663399909 88.2869015788781 116.255996139549 121.530189210729
"26/08/2019" 106.858086070617 118.757664429427 118.49112586429 118.019600055739 94.3557070118737 119.224003005458 120.22655253708 120.40483874932 121.829771115727 121.364728451073 126.122666488454 120.088983025508 120.891064497128 116.965468604566 120.646712659671 106.637146834749 119.160135754438 89.0712270732269 121.051256644824 114.419724753907 93.5925954579584 121.594415821995 120.744085376749 140.139800688358 122.201606791749 89.0971087934336 121.032499167932 96.0742373539075 116.938921817679 88.2856398372265 116.158020779729 121.664247252865
"27/08/2019" 106.788986175612 118.78109694992 118.431089952527 117.926704381427 94.3355930486014 119.229925495029 120.133336125357 120.315023951432 121.803617536147 121.31076568069 126.098435246613 120.061639281382 120.861308250505 116.869398325909 120.607423792304 106.613239932637 119.194863701863 89.0499780061794 121.021046626278 114.376405006761 93.5687986459973 121.570850134358 120.717865116646 140.04402940051 122.166588078893 89.0835511064595 120.998271213593 96.0594950052706 116.950665544417 88.2687737888889 116.067013070116 121.629644151594
"28/08/2019" 106.76128866425 118.720968329429 118.524386428977 117.996597201891 94.2716873523263 119.256888270656 120.235015719822 120.380093327755 121.771504995128 121.288020788165 126.032764155241 120.029938133005 120.842479810333 116.965753956691 120.554462277338 106.547507574888 119.154062579872 88.9926466469027 120.954207589031 114.313243736558 93.5104528215462 121.51723964307 120.676458425465 140.096844239091 122.17922733836 89.0177485915462 120.936940497889 95.996063798587 116.886951450875 88.2059385861162 116.170520454883 121.633072324336
"29/08/2019" 106.671254110215 119.949949010254 119.116036362005 118.206560643428 94.5569223111261 120.351042203768 115.491905875363 120.590986572298 122.281552934857 121.573061749606 126.49346653838 120.540260903516 121.369374051107 117.219837963289 120.898807188868 106.885404277208 120.478885209703 89.2292086089546 121.349527296827 114.858262592723 93.7673953299243 121.995048080995 121.181091628034 140.414639077633 118.144425716974 89.3102119492419 121.307054136253 96.3487661217827 113.70285921133 88.4639678722732 116.461933571303 122.187244407546
"30/08/2019" 106.627305400722 119.931653690349 119.119454442741 118.177486082105 94.5462629935821 120.372830941324 115.470256805005 120.563016381573 122.266734506362 121.551239814733 126.481279720745 120.524217185796 121.351829628252 117.196331465951 120.881199289367 106.873378079623 120.481372711158 89.2185594974515 121.334967240322 114.797869011459 93.755461827454 121.982121481041 121.165760774089 140.381615498141 118.121724886683 89.3022594941302 121.291190188218 96.3398804038025 113.671778799175 88.4549087279879 116.444820614667 122.166546246325
