"VEBONO012020" "VEBONO012021" "VEBONO012023" "VEBONO012025" "VEBONO012029" "VEBONO022022" "VEBONO022024" "VEBONO022025" "VEBONO022034" "VEBONO032027" "VEBONO032031" "VEBONO032034b" "VEBONO032035" "VEBONO042024" "VEBONO042028" "VEBONO042029" "VEBONO052021" "VEBONO052028" "VEBONO052029" "VEBONO062020" "VEBONO062028" "VEBONO062032" "VEBONO072033" "VEBONO082025" "VEBONO082037" "VEBONO092029" "VEBONO102028" "VEBONO102030" "VEBONO112020" "VEBONO112028" "VEBONO122023" "VEBONO122036"
"02/12/2019" 110.733635889855 124.261455731202 145.401141921213 160.844411786627 134.348168186324 140.087680009572 157.588170794479 164.01189293017 162.769854135654 170.164760822925 173.424108006088 160.801476260175 160.281967684039 155.262505327091 169.869375509476 150.391953061995 132.147176877814 127.777571823289 175.295394671699 118.229730092559 133.880210634654 165.423446709275 163.066097830996 197.399477595182 158.533702353354 126.092024158086 170.166804233549 133.970429311335 122.148081872445 126.106109769061 151.570278160711 158.981127982498
"03/12/2019" 110.749439591214 124.284162660505 145.436101869039 160.889673753637 134.393517593608 140.117499631164 157.629548659037 164.05805671066 162.826224891083 170.217419886585 173.482654982422 160.857590366653 160.337947215726 155.304175686416 169.924141791895 150.442252052092 132.172429143291 127.820244754305 175.352464968101 118.248681815805 133.924836048082 165.480308459468 163.122974027292 197.454838227711 158.588901192405 126.13535299777 170.222428691784 134.016909765598 122.169581868501 126.148801436319 151.609768471819 159.036761791596
"04/12/2019" 110.765233076561 124.306859757009 145.471054411332 160.934932371393 134.438871314043 140.147310023646 157.670920971074 164.104217216561 162.882602872555 170.270080082592 173.541207927928 160.913711906249 160.393934310774 155.345841139929 169.978911173534 150.492555499893 132.197671395579 127.862921364724 175.409539305818 118.26762326322 133.969465211055 165.537176942783 163.179857614355 197.5101951206 158.644107638235 126.178686680821 170.278056977439 134.06339584218 122.191071903363 126.191497303573 151.649253147062 159.092403353347
"05/12/2019" 110.78101634088 124.329547013811 145.505999537712 160.980187628065 134.484229341129 140.177111177912 157.712287719014 164.150374435928 162.938988074106 170.322741400652 173.599766834961 160.969840873095 160.449928963549 155.387501676112 170.033683645061 150.542863398063 132.222903626966 127.905601648093 175.466617676114 118.286554428894 134.014098116748 165.594052152576 163.236748586004 197.565548259828 158.699321685587 126.222025201677 170.333689081578 134.109887535447 122.212551970441 126.234197364816 151.688732175269 159.148052662379
"06/12/2019" 110.796789379161 124.352224424011 145.540937237798 161.025439511821 134.529591668363 140.206903084853 157.75364889128 164.19652835681 162.99538048977 170.375403830465 173.658331695873 161.025977261318 160.505931168413 155.429157283447 170.088459197141 150.593175739261 132.248125829742 127.948285597952 175.523700070252 118.305475306916 134.058734758333 165.650934082199 163.293646936054 197.620897631372 158.754543329206 126.265368554776 170.389324995261 134.156384839765 122.234022063152 126.276901614043 151.728205545268 159.203709713318
"09/12/2019" 110.84404708771 124.420197506024 145.6457056765 161.161174807243 134.665704385856 140.296223230708 157.87769883824 164.334970209024 163.164600961713 170.533397687372 173.834061925337 161.194430895504 160.673983039144 155.55409441715 170.252804243275 150.744139347581 132.323732189364 128.076359381839 175.694971308264 118.362176156033 134.19266703011 165.821620123532 163.464386194726 197.786922999617 158.920253785039 126.395427551846 170.556255504113 134.295910362625 122.298372429248 126.405039429476 151.846591594288 159.370727263798
"10/12/2019" 110.859779171785 124.442835460852 145.680613567624 161.206413080973 134.71108384857 140.325978057339 157.919037592014 164.381110816427 163.221022174087 170.586064461123 173.892650525203 161.250596910472 160.730015395952 155.595730193875 170.307592024122 150.794469387427 132.34891420067 128.119057933008 175.752069710293 118.381055824419 134.237318546912 165.87852886594 163.521313996478 197.842257160129 158.975505761093 126.438790178218 170.611906566489 134.342430054736 122.319802558672 126.447760370474 151.886042219723 159.426415228577
"11/12/2019" 110.875501004809 124.465463534607 145.715513980564 161.251647922595 134.756467578859 140.355723591149 157.960370712211 164.427248065563 163.277450570688 170.638732295067 173.951245040649 161.306770317421 160.786055276629 155.637360984137 170.362382838777 150.844803833548 132.374086144868 128.161760118321 175.809172092374 118.399925175651 134.281973765411 165.935444294895 163.578249145665 197.897587482793 159.030765307087 126.482157608969 170.667561393647 134.388955329678 122.341222680833 126.490485469358 151.925487131082 159.482110908359
"12/12/2019" 110.891212581788 124.4880817204 145.750406904945 161.296879320263 134.801855570198 140.385459823047 158.00169818725 164.473381944466 163.333886145531 170.691401178882 174.009845464005 161.362951110462 160.842102675522 155.67898677641 170.41717667788 150.895142678584 132.399248014268 128.2044659313 175.86627844571 118.418784203834 134.326632678758 165.992366403728 163.635191636082 197.95291395357 159.086032417749 126.525529838515 170.72321997662 134.435486181797 122.362632789157 126.533214720097 151.964926317191 159.537814297756
"13/12/2019" 110.90691389773 124.510690011346 145.785292330394 161.342107262129 134.847247816058 140.415186743943 158.043020005546 164.519512441171 163.390328892626 170.744071102243 174.068451787597 161.419139283704 160.898157586975 155.720607559167 170.471973532064 150.945485915169 132.424399801184 128.247175365461 175.923388761499 118.437632903078 134.371295280099 166.049295185771 163.692141461525 198.008236558413 159.141307087803 126.568906861272 170.77888230644 134.482022605438 122.384032877075 126.575948116659 152.004359766878 159.593525391378
"16/12/2019" 110.953956229457 124.578455446271 145.889903509408 161.477770234405 134.983450015424 140.504311549756 158.166951404125 164.657883518389 163.559700107504 170.902087006252 174.244306082991 161.587748025685 161.066367340114 155.845439735045 170.636382091378 151.096541900501 132.499794590213 128.375325330141 176.094743395499 118.49411696831 134.505305143486 166.220121504407 163.863034885901 198.174181036861 159.307176401538 126.699066632904 170.945891687219 134.621665248882 122.448172952724 126.704173120896 152.122625585652 159.760704843651
"17/12/2019" 110.969616451389 124.60102408901 145.924758835397 161.522984234541 135.028859214011 140.534001135792 158.208250479593 164.704000366583 163.616171483669 170.954760984427 174.302935930712 161.643965660766 161.122452245209 155.887040364437 170.69119091214 151.146902629549 132.524905970394 128.418049184118 176.151869472999 118.512924292943 134.549982428187 166.277076912524 163.920013989325 198.229488037471 159.362481256361 126.742462772585 171.001568914644 134.668223901986 122.46953289336 126.746923040346 152.162035977891 159.816446700218
"18/12/2019" 110.985266387366 124.623582802504 145.959606610592 161.568194719603 135.074272634421 140.563681365413 158.249543840386 164.750113772709 163.672650002102 171.00743595044 174.361571640243 161.70019064655 161.178544634552 155.928635926656 170.746002701088 151.197267713261 132.550007229709 128.460776626804 176.208999468881 118.531721259223 134.594663366557 166.334038960452 163.9770003967 198.284791101883 159.417793644134 126.785863677502 171.057249844005 134.714788098283 122.490882780773 126.789677075402 152.201440577825 159.87219623402
"19/12/2019" 111.000906032415 124.646131579878 145.994446824626 161.613401677729 135.119690270106 140.593352229543 158.290831474915 164.796223724786 163.729135656797 171.060111893939 174.420213203892 161.756422977131 161.23464450247 155.970226410169 170.80081744883 151.247637144249 132.57509836049 128.503507651692 176.266133374321 118.550507861273 134.639347951719 166.391007641502 164.033994101801 198.340090216034 159.473113559535 126.829269342053 171.112934466307 134.761357832098 122.512222608406 126.832435220008 152.240839374275 159.927953439655
"20/12/2019" 111.016535381563 124.668670414263 146.029279467128 161.658605097055 135.165112114511 140.623013719108 158.332113371589 164.842330210829 163.785628441745 171.112788804563 174.478860613963 161.812662646596 161.29075184329 156.011811803439 170.855635145971 151.298010915121 132.600179355075 128.546242252275 176.323271180488 118.569284093221 134.684036176794 166.447982948982 164.090995098405 198.395385365859 159.528440997241 126.872679760633 171.16862277255 134.807933097755 122.533552369704 126.875197468107 152.280232356062 159.983718311718
"23/12/2019" 111.063361603917 124.736227190794 146.133731861783 161.794194003569 135.301402834458 140.711941849724 158.455924518574 164.980628752886 163.955149517981 171.270825235534 174.654837845672 161.981425629151 161.459118646393 156.136537326419 171.020105839754 151.449158193072 132.675361445068 128.67446744304 176.494707914998 118.625550509766 134.818122622642 166.618948563028 164.26204177497 198.56124688869 159.69446839091 127.002939484431 171.335709704875 134.947692028946 122.597481190081 127.003508772739 152.398376301642 160.151058872374
"24/12/2019" 111.078949719793 124.758726184548 146.168534114498 161.839383149017 135.346841448137 140.74156575035 158.497183347915 165.026721254912 164.011670763801 171.323505910983 174.713508564377 162.037694594992 161.515255822036 156.178102243338 171.074935240439 151.499549249489 132.700401818301 128.717216281229 176.551861235698 118.64428520263 134.862825338495 166.675950309239 164.319071875304 198.616526040506 159.749825864547 127.046368862997 171.391412656809 134.994289365125 122.618770620542 127.046287374169 152.437745912972 160.206854356041
"25/12/2019" 111.094527514948 124.781215200987 146.203328743853 161.884568696315 135.392284237714 140.771180231082 158.53843638144 165.072810230951 164.068199109788 171.376187501698 174.772185090958 162.093970870122 161.571400442176 156.219662012319 171.129767543476 151.549944608776 132.725432017071 128.759968662489 176.609018412917 118.663009496067 134.907531659807 166.732958648369 164.376109235984 198.671801157629 159.805190833833 127.089802967511 171.447119247627 135.040892204708 122.640049951929 127.089070048753 152.477109653733 160.262657479071
"26/12/2019" 111.110094984426 124.803694233253 146.238115739487 161.929750633585 135.437731196615 140.800785282863 158.579683607554 165.118895669004 164.124734549918 171.428869997292 174.830867417696 162.150254448612 161.627552501124 156.261216621819 171.184602739443 151.600344263518 132.750452033736 128.802724580265 176.666179437802 118.681723384219 134.952241579678 166.789973573709 164.433153850769 198.727072225976 159.860563293429 127.133241792347 171.502829468303 135.087500542 122.661319177703 127.131856790414 152.516467512743 160.318468236044
"27/12/2019" 111.125652123276 124.826163274489 146.272895091037 161.974928948948 135.483182318261 140.830380896635 158.62092501466 165.164977557073 164.181277078162 171.481553387377 174.889555536866 162.206545324532 161.683711993194 156.302766060294 171.239440818915 151.650748206298 132.775461860654 128.845484027999 176.723344301494 118.700426861233 134.996955091203 166.846995078549 164.490205713416 198.782339231463 159.915943237995 127.176685331878 171.55854330981 135.134114371299 122.682578291325 127.17464759307 152.555819478819 160.374286621537
"30/12/2019" 111.172261506563 124.89351038349 146.377187177575 162.110442044775 135.619560593831 140.919111019382 158.744614205972 165.303201801327 164.350947131254 171.639608820606 175.065654571676 162.375461677527 161.852235011187 156.427383234119 171.403972264026 151.801985688623 132.850430126589 128.973783485321 176.894861836784 118.75647476693 135.131117106611 167.018099002881 164.661404726045 198.948115729865 160.082127928066 127.307044182294 171.725706468964 135.273988754205 122.746294893923 127.303044306141 152.673839907599 160.541787494871
"31/12/2019" 111.187777273423 124.915939392087 146.411935849188 162.155605753676 135.6650283006 140.948668790612 158.78583222108 165.349269369404 164.407517951609 171.692295684665 175.124365783263 162.431781683806 161.908424178784 156.468911873037 171.458821783165 151.852406709296 132.875399118194 129.016556987239 176.952041967053 118.775136540892 135.175844915637 167.075146758518 164.718485517641 199.003366343001 160.137537759055 127.350506524246 171.781434703423 135.320624494479 122.767513493594 127.34585129189 152.713168190093 160.597636340165
