"VEBONO012020" "VEBONO012021" "VEBONO012023" "VEBONO012025" "VEBONO012029" "VEBONO022022" "VEBONO022024" "VEBONO022025" "VEBONO022034" "VEBONO032027" "VEBONO032031" "VEBONO032034b" "VEBONO032035" "VEBONO042024" "VEBONO042028" "VEBONO042029" "VEBONO052021" "VEBONO052028" "VEBONO052029" "VEBONO062020" "VEBONO062028" "VEBONO062032" "VEBONO072033" "VEBONO082025" "VEBONO082037" "VEBONO092029" "VEBONO102028" "VEBONO102030" "VEBONO112020" "VEBONO112028" "VEBONO122023" "VEBONO122036"
"01/08/2019" 113.948528865597 126.498649095641 145.553408856911 159.240668148906 131.780179715382 135.982945011654 151.38001300158 162.299644016821 162.307750324646 167.487135819729 171.434548431354 160.393061953299 160.332467608729 154.235983536267 167.106933699051 147.840871018922 128.806830987133 125.061544711324 167.294890693531 121.010830422595 131.175839940352 164.092282800987 162.294092632573 188.929405362383 154.67296273221 123.796316185084 167.451516354939 132.074964707906 119.378259969084 123.534896573499 150.725655588714 159.750022780224
"02/08/2019" 113.966633078641 126.523957942217 145.591012538798 159.287811920764 131.824579244017 136.014754029718 151.422957493885 162.347619852883 162.362588550723 167.540183749426 171.491706957069 160.447640710902 160.387008978646 154.27990095099 167.161389967276 147.890235159164 128.834009670875 125.103447775301 167.3503834243 121.032228039854 131.219723907014 164.147588260218 162.349384558827 188.985845297108 154.726405771676 123.838428376715 167.506556618105 132.120042314868 119.401533600116 123.576605807062 150.767471297685 159.80447122792
"05/08/2019" 113.930647932344 126.683707231547 146.389782393963 160.773000754962 132.829619055633 136.475891781931 152.627884713862 163.86635247948 161.068907044003 169.253307264964 171.814048676401 159.107350198694 158.588570652672 155.536272820034 168.688098064577 148.93153872196 129.072912064786 126.234943190804 168.53536453857 121.062429549861 132.38870926502 163.750845506128 161.370294789889 190.788871540535 152.020845490981 124.508279042147 168.882934810849 132.390537184559 119.520375246906 124.534963445653 151.888149563907 157.308844473682
"06/08/2019" 113.948381886767 126.708308614406 146.426319943743 160.819364218002 132.874976916182 136.506744001797 152.669840978229 163.913587478361 161.125087063974 169.306530525723 171.872602575514 159.163265525904 158.644327338955 155.579225494769 168.743221850777 148.981921862513 129.099299925531 126.277633813903 168.591892722668 121.083305695283 132.433393788312 163.807595365399 161.427000204207 190.84457799028 152.075102300402 124.551505836112 168.93883629826 132.436888905156 119.543012979159 124.577612485482 151.92896032368 157.364227805819
"07/08/2019" 113.96610577021 126.732900536937 146.462850856095 160.865725236411 132.920339486101 136.537588091713 152.711793059641 163.96082011022 161.181274542363 169.359755619393 171.93116283878 159.219188513683 158.700091790503 155.622174146619 168.798349331193 149.032309896615 129.125678713015 126.320328534078 168.648425957761 121.104171811746 132.478082498504 163.864352262253 161.483713266023 190.900282345938 152.129367323887 124.594737787079 168.994742162993 132.483246539386 119.565641549468 124.6202660944 151.969766306556 157.419619061646
"08/08/2019" 113.983819577115 126.757482991634 146.499375120343 160.912083798427 132.965706759163 136.568424042331 152.753740946671 164.008050363194 161.237469473345 169.412982536001 171.989729458775 159.275119156303 158.755864001767 155.665118764008 168.853480496835 149.082702817229 129.152048419165 126.363027345166 168.704964235626 121.125027892826 132.522775389067 163.921116190229 161.540433969355 190.955984593886 152.183640556497 124.637974889726 169.050652396439 132.529610081852 119.588260950954 124.662924266671 152.010567501254 157.475018235897
"09/08/2019" 114.001523301926 126.782055970993 146.535892725809 160.958439892284 133.011078729135 136.599251844307 152.795684627887 164.055278225418 161.293671851096 169.466211265571 172.048302428077 159.331057448032 158.811643967192 155.708059335357 168.908615338708 149.133100617313 129.178409035916 126.405730241004 168.761507548038 121.1458739321 132.567472453465 163.977887142861 161.597162308212 191.011684720501 152.237921993286 124.681217138725 169.106566989987 132.575979527152 119.610871176744 124.705586996555 152.051363896488 157.530425323309
"12/08/2019" 114.054573928288 126.855717982068 146.645405482737 161.097493247197 133.147222758138 136.691686264935 152.921490322325 164.196947348886 161.462323606651 169.62590823221 172.224059357548 159.498918160505 158.979030332853 155.836856657362 169.074041831705 149.284323223919 129.257436269123 126.533863375311 168.931167610227 121.208351734885 132.701588624265 164.148242083999 161.767393078013 191.178772236004 152.400815479255 124.810974710525 169.27433684506 132.715123226003 119.678646731231 124.833602474448 152.173724172555 157.696694011843
"13/08/2019" 114.072237269225 126.880252985114 146.6818963463 161.1438393507 133.19261345336 136.722481378905 152.963417065951 164.244165529393 161.518555713155 169.679144113765 172.282657649783 159.554886991289 159.034841259328 155.879780928736 169.129191288472 149.334740471393 129.283760447645 126.576582548426 168.98773097848 121.229157542748 132.746302318581 164.205041070542 161.824151899032 191.234463740927 152.455129683279 124.854237491607 169.330268792813 132.761516228567 119.70122018555 124.876283377328 152.214501257073 157.752132699219
"14/08/2019" 114.08989050033 126.904778475355 146.718380497695 161.19018292717 133.238008814278 136.753268297522 153.005339546588 164.291381259777 161.574795237253 169.732381758329 172.341262254161 159.610863442478 159.090659912152 155.922701096154 169.184344376433 149.385162563046 129.310075496467 126.619305775414 169.044299340088 121.249953276724 132.791020154004 164.261847049369 161.880918325591 191.29015305632 152.509452066729 124.897505392362 169.386205057545 132.807915106888 119.723784429845 124.918968809076 152.25527348569 157.807579273402
"15/08/2019" 114.107533616064 126.929294445308 146.754857926247 161.236523964826 133.28340883464 136.78404701145 153.047257752796 164.338594528154 161.631042173103 169.785621155899 172.399873163236 159.666847508322 159.146486285758 155.965617148026 169.239501086568 149.435589491785 129.336381407541 126.662033050089 169.100872686803 121.270738930403 132.835742123976 164.318660013994 161.937692351682 191.345840168533 152.56378262465 124.940778407447 169.44214563062 132.854319855522 119.746339457262 124.961658763932 152.296040847115 157.863033729115
"16/08/2019" 114.125166610889 126.953800887492 146.791328621278 161.282862451881 133.328813508189 136.814817511353 153.089171673132 164.38580532264 161.68729651486 169.838862296466 172.458490369562 159.72283918307 159.202320374575 156.008529072761 169.294661409851 149.486021250512 129.362678172823 126.70476436626 169.157451010374 121.291514497378 132.880468221938 164.375479957935 161.994473971296 191.401525063911 152.618121352081 124.984056531511 169.498090503395 132.90073046902 119.768885260949 125.004353236135 152.336803330056 157.918496061076
"19/08/2019" 114.178004814575 127.027262972664 146.900700198492 161.421862491539 133.46505538534 136.907079633587 153.214887604483 164.527422743841 161.856103917064 169.998596076006 172.634379697514 159.890859803167 159.369868876571 156.137239968215 169.460163968281 149.637345435601 129.441513513475 126.832982501808 169.327215759632 121.353780614048 133.014671218102 164.545981600776 162.164864331136 191.568566312447 152.781186501798 125.113921504062 169.665950833452 133.039997444174 119.836467261151 125.132463699146 152.459061395031 158.084930261607
"20/08/2019" 114.195597270442 127.051731229022 146.937143852686 161.468190658276 133.510478609001 136.937817184073 153.256784266893 164.57462352384 161.91238782393 170.051844088395 172.693022018295 159.946881855949 159.425733770496 156.180135268462 169.51533865382 149.687796443239 129.467773615165 126.875729922003 169.383813908015 121.374515770186 133.059413762345 164.602829397089 162.221676264685 191.624242203877 152.83555785762 125.157220010507 169.721912818534 133.086431462586 119.858976101458 125.175176183042 152.499804251088 158.140424045704
"21/08/2019" 114.21317957775 127.076189920253 146.973580719983 161.514516215441 133.555906454514 136.968546473883 153.298676586203 164.621821770474 161.968679107431 170.105093793676 172.751670599036 160.002911488831 159.481606351751 156.223026383594 169.570516907284 149.738252245326 129.494024530866 126.918481352695 169.440416991928 121.39524080762 133.104160401722 164.659684140255 162.278495761662 191.679915810147 152.889937358116 125.200523599146 169.777879060048 133.132871318575 119.881475683821 125.217893155422 152.540542172181 158.195925679606
"22/08/2019" 114.23075173098 127.100639038894 147.010010789708 161.560839151231 133.601338915601 136.999267493692 153.340564550965 164.669017471839 162.024977761705 170.158345181814 172.810325432266 160.058948696043 159.537486614751 156.265913302008 169.625698719586 149.788712834742 129.520266252548 126.961236787673 169.497025003092 121.415955719958 133.14891112965 164.716545823774 162.33532281604 191.735587117583 152.944324998313 125.243832264612 169.833849549326 133.179317006674 119.90396600147 125.260614610504 152.581275147011 158.251435158019
"23/08/2019" 114.24831372461 127.125078577486 147.046434051188 161.607159453842 133.646775985981 137.029980234178 153.382448149731 164.716210616029 162.081283780887 170.21159824277 172.868986510514 160.114993471814 159.593374553909 156.308796012101 169.680884081638 149.839178204365 129.546498772182 127.003996220723 169.553637933227 121.436660500808 133.193665939544 164.77341444114 162.392157421788 191.791256112506 152.998720773237 125.287146001537 169.889824277698 133.225768521414 119.926447047659 125.303340542502 152.622003164278 158.306952475643
"26/08/2019" 114.300938692752 127.198339638424 147.155662879414 161.7461044445 133.783114790015 137.122068686487 153.508072635526 164.857774586449 162.250245969181 170.371367362095 173.045007140579 160.283173152716 159.761084372414 156.437418776408 169.846461375319 149.990602923189 129.625141038555 127.132298446117 169.72350615457 121.498713990561 133.327954795106 164.944061831223 162.562706486888 191.958249085341 153.161956856577 125.417117587318 170.057773810605 133.365157970734 119.993834489502 125.431545142086 152.744157357677 158.473551410756
"27/08/2019" 114.318459992844 127.222740782291 147.192058801174 161.792414096284 133.828570234686 137.152748216481 153.549938655772 164.904957382823 162.306581389283 170.42462701385 173.103693124096 160.339248144944 159.817002960275 156.480284537158 169.901660845378 150.041087342336 129.65133666977 127.175073809247 169.780138677684 121.5193781816 133.372725866931 165.000958118863 162.619571237735 192.013908693341 153.216385120607 125.460451556318 170.113765408554 133.411632737277 120.016278381898 125.474288923825 152.784865431664 158.529100032186
"28/08/2019" 114.335971105779 127.247132308862 147.228447861322 161.83872105582 133.874030257192 137.18341942056 153.591800252747 164.952137562449 162.362924144925 170.477888288163 173.162385315212 160.395330676829 159.872929196317 156.523146031548 169.95686381967 150.091576506021 129.677523058838 127.217853139326 169.836776078297 121.540032209233 133.417500987739 165.057861307776 162.676443509715 192.069565920376 153.270821494453 125.503790569882 170.169761202144 133.458113303067 120.038712968867 125.517037153502 152.825568491568 158.584656466296
"29/08/2019" 114.353472026052 127.271514210696 147.264830049185 161.885025311286 133.919494851232 137.214082289414 153.633657414991 164.999315113408 162.419274230225 170.531151174971 173.221083706433 160.451420742581 159.928863074936 156.566003247965 170.012070289079 150.142070407098 129.703700197748 127.260636430122 169.893418348104 121.560676067084 133.462280150922 165.114771391439 162.733323296747 192.125220752745 153.325265973124 125.547134622623 170.225761182644 133.504599662614 120.061138243621 125.559789825312 152.866266526083 158.640220707771
"30/08/2019" 114.370962748163 127.295886480355 147.301205354091 161.931326850859 133.964964010499 137.24473681373 153.675510131043 165.046490023777 162.475631639297 170.584415664203 173.279788290262 160.507518336413 159.984804590526 156.608856174794 170.067280244485 150.192569038418 129.729868078489 127.303423675399 169.950065478793 121.581309748777 133.507063349868 165.171688363323 162.790210592744 192.180873176743 153.379718551629 125.590483709149 170.281765341319 133.551091810428 120.083554199374 125.602546933444 152.9069595239 158.695792751294
