"VEBONO012020" "VEBONO012021" "VEBONO012023" "VEBONO012025" "VEBONO012029" "VEBONO022022" "VEBONO022024" "VEBONO022025" "VEBONO022034" "VEBONO032027" "VEBONO032031" "VEBONO032034b" "VEBONO032035" "VEBONO042024" "VEBONO042028" "VEBONO042029" "VEBONO052021" "VEBONO052028" "VEBONO052029" "VEBONO062020" "VEBONO062028" "VEBONO062032" "VEBONO072033" "VEBONO082025" "VEBONO082037" "VEBONO092029" "VEBONO102028" "VEBONO102030" "VEBONO112020" "VEBONO112028" "VEBONO122023" "VEBONO122036"
"01/07/2019" 113.919115824672 122.236809085455 131.75377373516 136.388174820083 96.6962258575645 126.986894064308 132.983730238991 138.254101911524 122.627627629573 136.643858794164 133.789754541815 121.212843631167 120.714780499719 134.616524629913 134.208093361439 112.703202653121 123.437891565113 90.2483151791522 132.78345570021 118.796316970779 96.7807252116717 125.50775207015 123.689850922402 165.366279057535 115.708678848947 87.272474120787 133.644577096726 94.8837433720527 115.624895709058 87.9196859972705 131.95415340483 119.862695460425
"02/07/2019" 113.933586045949 122.259326758022 131.789756442436 136.432486053633 96.7307703148378 127.019024270822 133.024359408313 138.299138903438 122.668667676338 136.68975799753 133.833866534694 121.253501523567 117.359338888717 134.658303387821 134.267558140918 112.742320217043 123.46427015508 90.2808016143969 132.828789761838 118.814541291052 94.4879842634457 122.029268154448 123.729370767464 165.419221266908 115.747148159046 87.3027965340308 133.687237643335 94.9168973473492 115.645797475151 87.9482245072215 131.992869394498 119.90167844695
"03/07/2019" 113.948037268005 122.282570586454 131.8255575806 136.478850978188 96.7637608336486 127.047035762913 133.064590178315 138.343013805325 122.708752115941 136.734790116096 133.879032588454 121.29303892388 120.794472804885 134.699539494295 134.298686259117 112.78074930461 123.488539484107 90.3266819561509 132.872560821709 118.83270060357 96.8487883482818 125.591356341194 123.771235116315 165.470842709743 115.785590576383 87.3470493013521 133.732238006567 94.949438100024 115.666535739468 87.9825620437491 132.031209194251 119.941542315723
"04/07/2019" 113.962472818646 122.305426081535 131.861340202701 136.519781971855 96.811483421811 127.082287968368 133.105410313417 138.387340526855 122.749099713667 136.780488059047 133.918443111298 121.33318330843 120.836048852596 134.740565369214 134.346660846998 112.819223186887 123.513161243536 90.344311137341 132.918286606523 118.85082807954 96.8825122968494 125.634960037561 123.814019647515 165.527658642486 115.82602920018 87.3655102364569 133.77892738408 94.9699174564155 115.687340235412 88.0238984779584 132.071571671027 119.982094971459
"05/07/2019" 113.976895680715 122.328235715974 131.897097128774 136.563872291781 96.8312727126478 127.112642113714 133.146050724739 138.431076395256 122.78938216229 136.8368593392 133.967719006858 121.373024220587 120.87634554378 134.781605212275 134.402741513201 112.858176251606 123.541073268871 90.3784212892248 132.962578926536 118.868870374984 96.9317254416738 125.677230191898 123.854702081164 165.580177043574 115.863496833714 87.3947021222346 133.823098120419 95.0026955406779 115.708481081251 88.0546385250584 132.108446695977 120.019877668558
"08/07/2019" 114.020219275513 122.396365561309 132.004872536593 136.700565417407 96.9345216800464 127.200474427845 133.268712129058 138.564238756775 122.912160980458 136.964185383418 134.101858513266 121.495653865665 120.993957377463 134.906465782616 134.540166585616 112.974856023244 123.616474354962 90.4726148358258 133.097708717839 118.923256198663 97.0199560611551 125.801136372346 123.980478037378 165.750805818758 115.979474628076 87.4876724844621 133.96397327013 95.1139280001687 115.770734329905 88.1499048446764 132.229856748722 120.13752009874
"09/07/2019" 114.03461924832 122.418918249455 132.042164441982 136.738769560323 96.9674969667142 127.230740477163 133.309455480001 138.608213854277 122.951899318432 137.010424790876 134.14696552462 121.534340143667 121.033462984448 134.948271419335 134.586358798612 113.014224327161 123.638621401035 90.5045806143463 133.140097627655 118.941286715383 97.0679560351643 125.842560003768 124.019491756649 165.787985917876 116.017908931646 87.5198299145044 134.007086829421 95.1351150639194 115.792581278777 88.1805385194018 132.269429910569 120.177352752631
"10/07/2019" 114.782889463799 122.090712470141 131.640834995903 137.654798512032 98.8125197504121 126.586360901707 133.548241006137 139.651995211095 123.377796153631 139.09576089699 135.814818600561 121.899160119732 120.996485477742 135.320127647967 136.792902291288 114.968605456716 123.137205086944 92.3818413800909 135.24626927555 119.152321955757 98.9850802633031 126.974781108214 124.690877334229 167.131699627002 114.963088198426 89.1329335312064 136.185924249631 96.5191894113055 115.552248984963 89.9566880618449 132.421885105708 119.424616774584
"11/07/2019" 114.801608968693 122.118065401125 131.676012903922 137.697509323137 98.8495880129667 126.619046362054 133.589053864132 139.694432734723 123.421837477228 139.140943323909 135.852210603475 121.943071497589 121.037202289216 135.35971175273 136.838013089437 114.993020178246 123.164142836596 92.4141469419308 135.29292082442 119.173865391109 99.0191452836779 127.017301905332 124.734868241556 167.183065797058 115.003473187024 89.1652638481348 136.232739971668 96.5528431053718 115.57546405787 89.9890205792083 132.460234204948 119.466165609478
"12/07/2019" 114.820305915958 122.140828132997 131.708933260287 137.739909352928 98.881966361134 126.647327469739 133.628137244978 139.737235892746 123.46279268946 139.186333393869 135.908832190722 121.985759852734 121.078997513489 135.400070027672 136.884086066949 115.032610353394 123.190820773815 92.4463097492824 135.338998293367 119.195431708327 99.0540008988482 127.06102351729 124.777414080642 167.234073078435 115.042568678518 89.1975700669447 136.277401752459 96.586998532554 115.599272470957 90.0200401631849 132.49822503409 119.508419640244
"15/07/2019" 114.876339675553 122.215714600161 131.816620931867 137.86618060517 98.9865027873273 126.739124158048 133.74360737236 139.866083330573 123.590396686108 139.323380458435 136.046610543362 122.112800271049 121.204256992655 135.521466998278 137.006315673051 115.152144790978 123.270493159784 92.5448448763313 135.491252381094 119.260006367394 99.1437279490642 127.191919016392 124.906384197138 167.387358081125 115.164338551788 89.2922017986043 136.415963539662 96.6895980618714 115.669411868703 90.1162663189881 132.612351977863 119.630911714273
"16/07/2019" 114.894985471766 122.240690038029 131.851528583212 134.10121101421 96.6489532379099 126.769213954812 133.785097545277 139.908369798786 123.632846542671 139.368474917354 136.091971158967 118.736360721541 121.247187593047 135.559037148574 137.053119571196 115.19190154055 123.297197117041 92.5770329445995 135.522357059836 119.28154015161 99.178047678663 127.236429109097 124.949971051369 167.43870427235 115.204811347045 89.3238315504065 136.461960299316 96.7229671480862 115.691676421159 90.1485199128509 132.650285921645 119.671277818687
"17/07/2019" 114.913609560705 122.265720586789 131.887404717898 137.950290120215 99.057677310628 126.797406084846 133.824118626918 139.951102605627 123.675005162057 139.414702150357 136.138803282571 122.19682170141 121.287721331421 135.598683525668 137.098251158151 115.2337482271 123.323878956588 92.6120343872754 135.570365866793 119.303067677636 99.213002544565 127.279154879519 124.994643455685 167.490310405503 115.243969676431 89.3563455204379 136.509064586184 96.7564655852868 115.714116371735 90.1806433859463 132.688477994712 119.713019978072
"18/07/2019" 114.932223114756 122.290835553733 131.919393257702 137.992707019251 99.0923415290339 126.831179265866 133.862308248773 139.993017307591 123.716133607493 139.459890681001 136.17206193958 122.239756091144 121.329898891783 135.639122097766 137.144245044896 115.285664726609 123.350844433692 92.6432828395926 135.613767439248 119.324539466481 99.2493807159043 127.323225056523 125.03811147411 167.541379524912 115.284727215174 89.3879269900926 136.569249646919 96.7919689220264 115.737032997731 90.2121872879383 132.726313992913 119.753333459716
"19/07/2019" 114.950813539756 122.315917704353 131.956550147385 138.03529647924 99.1272283728137 126.856696766274 133.902250834809 140.036825709807 123.759063582048 139.504309112509 136.218052515796 122.280212760353 121.372786973193 135.679007512807 137.1896460922 115.325540295353 123.378275526811 92.6750915558181 135.660283951972 119.346037447935 99.2833639367634 127.368032673814 125.081591941544 167.592872015819 115.325169334404 89.4197136689834 136.615560731349 96.8266149056077 115.760263046154 90.2443698060406 132.762733943596 119.794268020018
"22/07/2019" 115.006450001558 122.390508281792 132.05976207298 138.162241729291 99.2452488469655 126.948098992144 134.019791080289 140.165130876688 123.887163743219 139.641265544807 136.35846967672 122.408112379273 121.497150084947 135.797219009901 137.328236658313 115.444974798461 123.456494541663 92.7739178121157 135.798658407435 119.410464135884 99.3869137823821 127.498016832077 125.210419734592 167.747189269737 115.445213129704 89.5159931800867 136.738564326402 96.9293004173309 115.829829698122 90.3407769772975 132.878818112299 119.919244645884
"23/07/2019" 115.024873293837 122.415685876453 128.412446724219 138.204123302247 99.2795923674586 126.98032559635 134.059129564491 140.206517215377 123.928970539343 139.686576117314 136.404483840948 122.448983153421 121.538136609625 132.094023586056 137.375388994004 112.478225265885 123.48368996737 92.8211582150864 135.843758176851 119.431840294544 99.4220816063385 127.54085192754 125.253923360745 167.797784443401 115.485199421324 89.556140411246 136.78460781824 94.5119872562323 115.85374072647 90.3728688054051 132.917585931041 119.960550198447
"24/07/2019" 115.043460546033 122.441617281863 132.13018274324 138.246230046739 99.3147989689678 127.009242624322 134.098082543266 140.250187424159 123.971568397633 139.732565333589 136.449606835872 122.491749424334 121.580509491142 135.878295253407 137.418069124388 115.524767827312 123.509698621781 92.8389101925819 135.904262327415 119.453263362884 99.4560078435872 127.585126828646 125.297620409562 167.849111566415 115.525086421469 89.5798828867102 136.830778211154 96.9978216197646 115.875891495298 90.4053700902616 132.954668288856 120.000371855242
"25/07/2019" 115.061886720286 122.465456813009 132.165620018705 138.286782702374 99.3490012476556 127.039733527709 134.136930195381 140.294239077761 124.014261102154 139.777250982388 136.497732258155 122.532948594637 121.621443190126 135.916759090148 137.465507304189 115.565059754945 123.537750279705 92.8759297628607 135.936609933704 119.47466587534 99.491134686498 127.627920744242 125.340011389667 167.900032518151 115.565169205155 89.6116400528785 136.876747203346 97.0329032245403 115.898176828657 90.4376307721266 132.992925351117 120.04326930146
"26/07/2019" 115.080331078441 122.490278038453 132.20104167648 138.33070207362 99.3738266975259 127.070224835997 134.176278088984 140.336499637325 124.055618228779 139.8232528725 136.542590601101 122.575234152881 121.663002668909 135.958639228157 137.511865139974 115.603773228118 123.562875616204 92.9051706716457 135.981790681904 119.49608710192 99.5254760655524 127.671350150698 125.383333668116 167.950878789823 115.606066567137 89.642944868846 136.922011861745 97.0661428134657 115.921136008369 90.4690817031273 133.03090891495 120.083125629399
"29/07/2019" 115.135484008624 122.564771260106 132.307838952412 138.457301817328 99.4855359453842 127.162474886051 134.291830472221 140.463997328463 124.184315920727 139.959516357311 136.694793684947 122.701963908801 121.789870732439 136.077605209394 137.649951812727 115.724091484279 123.642494214147 93.0029018414661 136.120459056877 119.560330361596 99.6454132785413 127.803929658382 125.513086484648 168.104511915599 115.726532696409 89.7401387357004 137.061204745521 97.1696598368208 115.989969198568 90.5657400973225 133.145219058926 120.207362945478
"30/07/2019" 115.153906185891 122.591718011753 132.342901770628 138.499326265319 99.5194108142539 127.194767006225 134.332341773271 140.509409839813 124.227123784133 140.005040772437 136.732057581617 122.745393339688 121.831804330637 136.117291186802 133.900771593754 115.74862489188 123.669247188422 93.0352009697173 136.166740765789 119.581731879724 99.6798459147732 127.847390290886 125.556119814861 168.155947250677 115.766229421721 89.7722360737042 137.106902850978 97.203004307095 116.01305327884 90.598070212061 133.182682947589 120.248691564146
"31/07/2019" 115.17239302993 118.931967554958 132.378429706519 138.541588030293 99.5581129026409 127.223578329549 134.371906254376 140.548492449885 124.268518836748 140.051083755335 136.774900163296 122.786408292361 121.872243118624 136.156986072033 137.741288464845 115.788990657586 123.695954209809 93.0713745260157 136.214276070069 119.603079420858 99.7012968801176 127.890015291428 125.597639038852 168.20674309096 115.807283254704 89.8041148562891 137.151550638513 97.2377182555845 116.036059270964 90.6295339682436 133.221017681527 120.289733078168
