"TIF012024" "TIF012026" "TIF012037" "TIF022021" "TIF022029" "TIF022030" "TIF022032" "TIF032022" "TIF032028" "TIF032029" "TIF032031" "TIF032032" "TIF032033" "TIF042023" "TIF052028" "TIF052034" "TIF052036" "TIF082028" "TIF092034" "TIF092035" "TIF112019" "TIF112020" "TIF112027" "TIF112029" "TIF122028" "TIF122029"
"03/06/2019" 132.375021650983 128.903996173662 118.308176067549 123.294581323691 132.521658312824 137.533172868128 130.461580613464 129.122024418141 132.36485042785 135.822215880226 132.927662327926 134.601662223224 130.151857152123 129.969733747756 133.953638961305 123.808218064738 122.895572379521 85.7433896738799 125.720838150602 123.565166770812 107.43927808768 121.801924198424 129.119024069013 85.4214959642696 94.455640166263 94.4623502860365
"04/06/2019" 132.296544234177 128.860841309785 118.354278950555 123.230302414207 132.515338639711 137.537567544147 130.483968518817 129.022193012873 132.349627895166 135.817221098514 132.941452468407 134.62263393935 130.18033476027 129.879210245898 133.941433204712 123.843085062496 122.940219559227 85.7491095711207 125.757548875213 123.606414404949 107.423644131689 121.753547665712 129.099655237001 85.4365171854564 94.4617922329037 94.4761087579356
"05/06/2019" 132.324465172499 128.86028527425 118.284209231916 123.284992475267 132.483646686098 137.498687606757 130.432912118012 129.078681193437 132.325969465853 135.78633093187 132.894984916669 134.569222332155 130.123208907898 129.918244026646 133.917502327819 123.780525752382 122.872467145205 85.7193389073142 125.693775389819 123.539328761845 107.392206560488 121.802111990111 129.079364145775 85.3996352407308 94.4305217249866 94.438458980097
"06/06/2019" 133.085346021051 129.512714176975 118.644175076245 123.813331216965 133.051216984714 138.046785646301 127.277520678301 125.860565368243 132.911417988452 136.354346504921 133.399329739904 135.060858494125 130.574524877043 130.701907518184 130.686282924167 124.196235706384 123.248391444569 86.0728884250624 126.105411148182 123.930003724033 107.313872599054 122.228768176113 129.668633888419 85.7217898768609 94.8113195599986 94.7961901696813
"07/06/2019" 132.224881738766 128.827692350757 118.41992180706 123.215462022774 132.524499081334 137.56122474926 130.527842293041 128.939605140737 132.348171749761 135.830189167276 132.9732915623 134.661792135506 130.22891343875 129.794775277659 133.947321717067 123.8971306151 123.00676308835 85.7659158066673 125.813257701901 123.666750140519 107.284358673409 121.761594222626 129.093269971167 85.4634643795704 94.4804235019636 94.5026421028752
"10/06/2019" 132.122512167749 128.785577433975 118.52991777644 123.13774635227 132.547099390795 137.605950533212 130.602926018472 128.80219093347 132.355290615524 135.858222181111 133.031642482088 134.732157789737 130.312694324012 129.670825556046 133.963467856478 123.989093533474 123.117545987414 85.798671118144 125.908827523414 123.769472995241 107.180814153653 121.711613477623 129.092185251446 85.5118936924128 94.5164374803968 94.5511237033983
"11/06/2019" 132.122069649732 128.788129648324 118.540773730612 123.163862244538 132.553875312784 137.615866996908 130.614994886049 128.807656645361 132.360875166599 135.867127669239 133.040792278222 134.741341082749 130.323665002332 129.669526388563 133.972533550738 123.999368061102 123.130300189345 85.8040989869759 125.919076618066 123.779873860563 107.092174063879 121.743368639413 129.09712531306 85.5180464749339 94.5227189232532 94.5576416756574
"12/06/2019" 132.133715777522 128.766971772833 118.439821539283 123.218998203218 132.495598281717 137.549716386441 130.535869612501 128.855889179189 132.312479814412 135.810549836079 132.966003388118 134.657873130422 130.236998832375 129.69454891417 133.924602221579 123.906353793758 123.032433107789 85.7550888973635 125.824803919888 123.681930964871 107.044602514769 121.794311195434 129.052712684477 85.4609291777661 94.4711563523862 94.498530258451
"13/06/2019" 132.266880719183 129.088374904888 119.21834901841 123.1283990007 133.042732966158 134.248778360405 131.217683219501 128.797000619693 132.800675172703 132.487814080632 133.615106193532 135.357114939306 130.955150687376 129.746722756778 134.427485591584 124.646679084933 120.434247797427 86.1805572547579 126.575129887398 124.44989978399 106.96471600784 121.722740487964 129.511416044992 85.9324635676905 94.9265008179305 94.995524942902
"14/06/2019" 132.029597271087 128.685374839818 118.417891973371 123.162285538501 132.434599914565 137.499126510815 130.500684573955 128.749838330193 132.247498861878 135.754726284466 132.920552214081 134.614693125989 130.202935418487 129.584043343688 133.866582472041 123.874949964673 123.012639846375 85.7206498195837 125.795191381972 123.655598110571 106.952194093791 121.758729307624 128.984926142946 85.4327050705657 94.4354176479713 94.4667689769292
"17/06/2019" 131.930674724722 128.653992286259 118.555874838193 123.051823778507 132.475204679837 137.567818186839 130.603070037056 128.603145582928 132.272092811646 135.804392367998 133.003455762061 134.710861068352 130.314478149183 129.459604180121 133.902989034005 123.992958778241 123.154074747951 85.7684394160613 125.918792927626 123.786831314366 106.878278117062 121.675179686341 128.99890110268 85.4980332181397 94.4887348630296 94.5337196985861
"18/06/2019" 131.958361301076 128.655790177523 118.494142351773 123.123057944793 132.448965833938 137.538160103494 130.563119715824 128.664043879583 132.253378720085 135.781936264866 132.96502965006 134.665132348153 130.26694039536 129.497496595232 133.887952798553 123.938428913738 123.097320068779 85.7434148163219 125.863391357301 123.728059246274 106.763592191303 121.744166492929 128.982668861114 85.4663934535529 94.4632653129224 94.5017863931328
"19/06/2019" 131.927335697662 128.642330200927 118.525142634562 123.095736057413 132.453932341249 137.552012503311 130.586474593822 128.623368884447 132.254556316974 135.790874362788 132.981912736675 134.684913892507 130.291744531494 129.45994086929 133.89403435329 123.96399384575 123.130570279955 85.7522140266569 125.890691766131 123.757290990563 106.718387121828 121.725927569738 128.980785946617 85.4797854404867 94.4737023102866 94.515482470123
"20/06/2019" 131.930863249975 128.704292491884 118.730616105879 123.044212056223 132.583499266192 137.704550756163 130.763503877193 128.573185799808 132.367520762544 135.925528765897 133.145568232402 134.862504995584 126.853220409579 129.439084605456 134.014970722803 124.155895736732 123.337968426962 85.8574540014665 126.086593043755 123.958902713037 106.667763370363 121.686102895407 129.084173672628 85.5995804906137 94.5873498750714 94.6414479935031
"21/06/2019" 131.876452649615 128.621392794364 118.579928368951 123.043173913727 132.464021535461 137.578374532273 130.629004377299 128.554785812086 132.258876574104 135.808764988498 133.013329424599 134.721222332304 130.336753181244 129.397718417429 133.90697736023 124.009380710152 123.189983683952 85.7683463965618 125.939764786176 123.809577222881 106.665181770094 121.687274349379 128.979305333496 85.5038778415862 94.4932238134111 94.5405442720881
"24/06/2019" 131.818022978015 128.577343697294 118.57422263722 123.017120002251 132.43214360289 137.565084968137 130.62796771795 128.504706951783 132.22756758011 135.791628497933 132.998466460668 134.705185229945 130.331323606221 129.334530562755 133.891001277768 123.997471736856 123.195569254711 85.7524489450932 125.932269501736 123.803210017146 106.496118710259 121.676668607311 128.942727138537 85.4920916898977 94.4806261257622 94.5287862594057
"25/06/2019" 131.773466829541 128.55939673688 118.623789781446 122.969029907989 132.442155844459 137.589034244666 130.666345115518 128.443647604521 132.231954820629 135.808053726996 133.026850330469 134.737980419894 130.371789182793 129.279853568285 133.903120559615 124.038776689658 123.248872615165 85.7674903657823 125.976394454793 123.85024040126 106.448476587622 121.641944729846 128.942303295977 85.5141300539618 94.4984199205442 94.5515122163429
"26/06/2019" 131.779545370111 128.569645565786 118.64445103464 122.976011993689 132.45695465808 137.611086184 130.691148462442 128.451175449715 132.246995560996 135.828535436495 133.047427290209 134.758406504975 130.394965570325 129.283893038779 133.923717199187 124.058467127919 123.274308132009 85.7791734122219 125.997942826355 123.871722480924 106.396216278582 121.650916488632 128.954964411959 85.5269758480127 94.5127996326156 94.5660406947464
"27/06/2019" 131.818849751639 128.703580731254 119.011100772192 122.895737947092 132.702166958195 137.894229654631 131.012584954926 128.396854861849 132.464897952668 136.081980215214 129.598202858259 135.082767669747 130.732390603743 129.282680767674 134.153998608864 124.403940738419 123.644338661485 85.9735962090169 126.350350689056 124.233142137513 106.359893599165 121.583284451748 129.156638806406 85.7450220987936 92.4102187645757 94.7962187546526
"28/06/2019" 131.777732699811 128.554639435661 118.597022219956 122.990604205059 132.424646970471 137.58514069461 130.66209927427 128.472218605671 132.222282389687 135.806301710473 133.014869988872 134.720071463492 130.359312366572 129.287325069037 133.906904205429 124.013514927384 123.235947359532 85.7547424059726 125.955826336842 123.827450216347 106.306913301363 121.661697094177 128.928802077791 85.4995085268792 94.4902199596467 94.5390811581086
