"VEBONO012020" "VEBONO012021" "VEBONO012023" "VEBONO012025" "VEBONO012029" "VEBONO022022" "VEBONO022024" "VEBONO022025" "VEBONO022034" "VEBONO032027" "VEBONO032031" "VEBONO032034b" "VEBONO032035" "VEBONO042024" "VEBONO042028" "VEBONO042029" "VEBONO052021" "VEBONO052028" "VEBONO052029" "VEBONO062020" "VEBONO062028" "VEBONO062032" "VEBONO072033" "VEBONO082025" "VEBONO082037" "VEBONO092029" "VEBONO102028" "VEBONO102030" "VEBONO112020" "VEBONO112028" "VEBONO122023" "VEBONO122036"
"02/09/2019" 106.399148663038 118.301976458583 120.208321152705 122.798492252294 94.6830811387827 118.326889709967 119.346461719847 125.231378457386 117.070595855235 124.688171757842 124.271919561327 115.233880036793 115.321299361509 121.271533615046 122.534717701048 106.884472780876 117.953402826013 90.0561320627075 121.538118148919 115.754921480406 94.583478204766 118.331957800654 116.462920613225 145.342351757806 110.643869970467 88.4616037133362 122.228108408771 94.3619597816551 112.839802470088 88.5892753490869 119.965704091803 115.010536802307
"03/09/2019" 106.328356710554 118.296612499189 120.218290760851 122.808924817882 94.6919914559444 118.335623113789 119.356112574984 125.245899668679 117.083515813475 124.700919026953 124.284050548692 115.243985046773 115.332140256385 121.281615374923 122.544846207204 106.893882675405 117.95603679803 90.0674512723445 121.548048925883 115.709442153626 94.5930445657862 118.34306278454 116.472604278191 145.352520586288 110.653108701778 88.4709325423665 122.23811867903 94.3704509880352 112.827574854085 88.5997306419931 119.97814748857 115.021854683289
"04/09/2019" 106.273783893512 118.291827237148 120.2436615675 122.836994169392 94.7168465052736 118.357137193602 119.3819816384 125.27779163539 117.116110893842 124.73268446616 124.316736169457 115.273945096921 115.36287670242 121.308542619594 122.574462007751 106.920994236539 117.964732215755 90.0934962124953 121.577593808101 115.654857510375 94.6183776976236 118.374177986668 116.502205188246 145.38310419927 110.681574707861 88.4953581644105 122.267744746429 94.3951468312979 112.811525190793 88.6249738215646 120.006823090165 115.053070046066
"05/09/2019" 106.217189001743 118.308995105952 120.409589699752 123.106815032247 95.0428710211458 118.45926897156 119.60866141716 120.472473296053 117.551633319758 125.081436355608 124.745034624019 115.707205625731 115.800714842074 121.543509367223 122.949404665878 107.279532277433 118.008963631082 87.0772979686676 121.97467186586 115.613329240932 94.9356287293275 118.800991196822 116.936923988636 145.709104334518 111.121442572345 88.8144788967669 122.654107926059 94.741239141456 112.812422434625 88.9350847686885 120.224148209898 115.49708698874
"06/09/2019" 106.175573792298 118.312043568121 120.439467175077 123.109837887067 95.0145009653851 118.499874267616 119.620700625585 120.471614785765 117.50719713142 125.065418715502 124.706261756546 115.6603419505 115.753260210792 121.555121548002 122.922675887296 107.248733087384 118.035590292004 87.0504869685354 121.940783038535 115.533678615669 94.9104434054338 118.758573916406 116.88974754527 145.705816500691 111.068900218731 88.7849352131647 122.623835078578 94.7062447652968 112.79425271001 88.909139558523 120.242411083652 115.448044781169
"09/09/2019" 59.9171962759152 16.7417578885682 10.9265405820755 11.1879175626642 8.02748046691211 10.7428052577351 8.99873097736232 8.70879181909783 12.3451924002404 12.8567017960487 12.3289237495335 10.2877960401614 11.0041906902295 10.7202939192407 10.3364069277837 9.05160403293842 13.1997258411442 5.66276475526811 9.28093763783861 32.1725573077199 8.49171807722929 11.2986026864597 9.42895598696972 12.4415704413757 8.11675015218328 8.20746983683416 9.9704866124743 7.8787832151346 16.6706040005147 8.66697218351737 12.3180669870482 11.3518045629996
"10/09/2019" 106.692171270363 109.779371254362 116.895905329101 124.191313621272 101.854184760785 112.275350565553 118.738137297816 121.753066001001 128.529339311576 129.959951696554 134.221536793438 126.781750537978 127.267822234656 121.080355584075 129.390471904138 114.570950436193 109.841073139485 93.2037950068379 129.639652948323 109.363824759343 101.249422857417 128.992438009817 127.763365254734 147.40581330162 123.216969826584 96.0120674284926 129.7259100251 102.86825360944 104.457863739751 95.5023309476133 119.05443662553 127.536960456878
"11/09/2019" 60.5738864681628 16.9062579161447 11.0382049165664 11.3041394435583 8.11103893154059 10.8490691987589 9.09017655470921 8.79734520065164 12.4752764996479 12.9918496208146 12.4582479717069 10.3948879408779 11.1193380582969 10.8310803885686 10.4433941929834 9.14556492886752 13.3277373259017 5.72046708183857 9.37613414410924 32.5066093469164 8.58056725851412 11.4168306470312 9.52627113963901 12.5694666839257 8.19974152572479 8.29356010863988 10.0733858655229 7.96057167824725 16.8332399023219 8.75829293946531 12.446840880331 11.4708797236272
"12/09/2019" 60.9050790442299 16.9891755030416 11.0945001797999 11.362736477079 8.15316805396772 10.9026341349452 9.13627981154969 8.84199084041586 7.84336161980201 13.0599882617523 12.5234509818525 10.4488823382972 11.1773936385884 10.8869363015763 10.4973357294828 9.19293882956258 13.3922581708704 5.74955896623066 9.42413030963753 32.675047032376 8.62536366787125 11.4764394156847 9.5753359971564 12.6339494806836 8.24158381529902 8.33696531276737 10.1252661314379 8.00180839675118 16.9152185261834 5.50683454812108 12.511764206273 11.5309153372768
"13/09/2019" 105.797310111313 118.250016331831 120.556008389172 123.243351460009 95.1374745049016 118.592045502081 119.738674026458 120.595543349025 112.975111275075 125.226432516533 124.871810551441 115.80869456209 115.908313020024 121.681168182967 123.064800976203 107.381170387939 118.05210906517 87.1609831108101 122.081621796472 115.171575516777 95.0377945144905 118.914943547642 117.033641891389 145.845045729733 111.206940010567 88.9095534742099 122.765651805281 94.8279453876981 112.66521816666 85.7398807605802 120.385029986586 115.607424668446
"16/09/2019" 105.623416276154 118.282858867137 120.665203017379 123.338576871963 95.1943341073823 118.701439919973 119.834978911602 120.684488724553 113.029289896648 125.317886319334 124.94682524334 115.867759164625 115.969406145399 121.779902527067 123.140095105648 107.44402260134 118.127970765136 87.2124472771546 122.151054180374 115.029145360994 95.0987131542118 118.981519846852 117.091618746469 145.946145299846 111.257044624851 88.9639543130014 122.838120055107 94.8791098028998 112.658627721148 85.7887839342127 120.494804153155 115.66886081127
"17/09/2019" 105.568209429679 118.278327087084 120.665694111077 123.328752610337 95.1749410614048 118.706451723433 119.827790638922 120.672220538042 112.999293350258 125.303197463644 124.922534792869 115.839406970375 115.941791680898 121.773163992109 123.118173965979 107.422284409486 118.130533093412 87.1935947544122 122.126006371336 114.985971856993 95.0813056376171 118.955595447687 117.062212436439 145.930534466944 111.225864592911 88.9458415768049 122.814649363252 94.856921769088 112.646326110496 85.7691779484869 120.493622885579 115.641318496124
"18/09/2019" 105.518361303636 118.302615888171 120.635570737409 123.313396516262 95.1793556017512 118.674603123978 119.805536563746 120.656960980187 113.011396543612 125.304156524106 124.933879784824 115.852085582804 115.956990592919 121.752436305454 123.11768328572 107.426220621146 118.126482779748 87.1963211669705 122.128667588587 115.055738353505 95.085609858918 118.96776452679 117.07318932523 145.914419316943 111.240044950641 88.9542520077609 122.815699278757 94.8645608451863 112.689153626163 85.7734724499552 120.475804491988 115.658946222325
"19/09/2019" 105.525812372777 119.178575650498 120.551537487101 123.475601875795 95.5605134826428 118.536509481639 119.931537539962 120.91535599902 113.691881853688 120.698178169829 125.541447507537 116.443152171772 116.586077159296 121.832485058659 123.54308215299 107.852376911713 118.392123040532 87.5884920357142 122.65029572347 113.840536691409 95.4608643273741 119.556843220214 117.678228812966 146.225222799613 111.921273873068 89.3845764439346 123.280631513373 95.3071207445943 114.194235394916 86.195461186671 115.820395761858 116.337955861367
"20/09/2019" 105.473390342239 119.131345541253 120.542475693284 123.498630411766 95.6140893861456 118.506860346582 119.938885321494 120.93696220296 113.766650772447 120.742106887244 125.622568209656 116.520772101847 116.670152848566 121.843959198451 123.595941425445 107.908950628172 118.346896303539 87.635835590051 122.709165936422 113.823128363885 95.5155022943148 119.635917131503 117.752408440683 146.250743297532 111.999680709904 89.4455515701758 123.336481171415 95.3662154745839 114.149543108583 86.2450844359897 115.826143476722 116.428171971151
"23/09/2019" 105.283688203917 119.015930829306 120.472497505123 123.473620061474 95.642088603673 118.405853663585 119.886083967889 120.902917178866 113.807957850592 120.738914768238 125.695346889902 116.571929768797 116.740716596942 121.800816410162 123.604981349324 107.932696011224 118.226686173571 87.6535160374658 122.723948289333 113.792967778537 95.5532439168158 119.698695001566 117.791545592145 146.209175662003 112.046289378635 89.5002377883681 123.348156545219 95.3993371948723 114.044957065956 86.2668007561223 115.774351446746 116.515659152181
"24/09/2019" 105.204732571565 119.004538079564 120.476769843132 123.49236559551 95.6710997646676 118.39992060371 119.894874743189 120.917599676337 113.844022713833 120.763076050929 125.74627570032 116.612195581453 116.788017709876 121.813403691507 123.633395324779 107.962628823996 118.214507753224 87.6772848663527 122.753646832983 113.792042944235 95.5860934331954 119.744305566444 117.827708690226 146.226222360261 112.083447557466 89.5374842527524 123.37715445218 95.42950219644 114.034656350264 86.291531667796 115.782968942468 116.568916633156
"25/09/2019" 105.143337185702 118.978702671249 120.447926159548 123.464574622973 95.6486372851358 118.368707861854 119.862113016034 120.884337230685 113.811931325631 120.729823123804 125.730379448231 116.584911465367 116.767536712847 121.783912960448 123.601172944068 107.935600497795 118.184192106666 87.6526283201552 122.719425348732 113.787219340408 95.5689519589217 119.723441390562 117.795571792618 146.186722472353 112.051652225705 89.5251859244165 123.343874442337 95.4054156193407 114.011806547221 86.2672983577865 115.751666914118 116.553809913416
"26/09/2019" 65.7476272898823 18.198269877628 11.9160891445611 12.2182106964186 8.76825257186305 11.6838264991697 9.80923142961947 9.49370668446807 8.42085100916918 8.78105137343318 8.42784685310324 11.2372006845086 12.0249723947052 11.7023479449288 11.2848848312171 9.88460189908519 14.3327730879634 6.17425108300803 10.1248425651502 30.0435871739747 9.27936464793806 12.3466938254804 10.2916800903201 13.5753566374633 8.85243518556005 5.61063563528372 10.8827141333612 8.60386844934532 18.1107003853448 5.91225542900716 8.47166942119158 7.7598726887255
"27/09/2019" 105.071181455664 118.929187408458 120.610407023388 123.788548697051 96.0805817686246 118.429838857086 120.110293623246 121.205230663364 114.388597300336 121.161477223708 121.261359383128 117.173253690123 117.377502041126 122.050948136362 124.081456205564 108.405924052976 118.16163126562 88.0456362932893 123.231354963157 113.754183075918 95.9974383558309 120.312321230413 118.375709595395 146.570016436772 112.644862355937 86.5962245193466 123.840391119897 95.8673776054487 113.949842511074 86.6690252075012 115.983761562737 112.519728997348
"30/09/2019" 104.88392654474 118.819532136164 120.541232290916 123.760573286281 96.0978216006398 118.329339141596 120.048248691492 121.158477750633 114.406302873149 121.140741665977 121.2701142029 117.209421535002 117.443417400128 122.003811269965 124.074647748215 108.415598455837 118.044307205574 88.0470575081686 123.225593814987 113.734814614552 96.0331185589692 120.37173930012 118.393190225237 146.514723062198 112.66748548652 86.6062935845859 123.833890957584 95.8860736462109 113.847557805715 86.6741116362608 115.923375722576 112.545177778226
