"TIF012024" "TIF012026" "TIF012037" "TIF022021" "TIF022029" "TIF022030" "TIF022032" "TIF032022" "TIF032028" "TIF032029" "TIF032031" "TIF032032" "TIF032033" "TIF042023" "TIF052028" "TIF052034" "TIF052036" "TIF082028" "TIF092034" "TIF092035" "TIF112019" "TIF112020" "TIF112027" "TIF112029" "TIF122028" "TIF122029"
"03/06/2019" 160.047372132134 166.951557488231 153.44135940393 127.199413713562 179.324711347307 185.449242755913 175.420945074552 142.140082694014 177.47063241043 182.728836384219 179.557576369097 181.091330694559 173.991452603047 152.074421190665 179.35844302896 164.800720159707 159.67559647488 120.416936381803 166.234720743466 161.927730847616 109.100335672196 124.392275182045 173.0033171692 119.958454380144 131.095459365034 131.146277815265
"04/06/2019" 160.068595769449 166.981736861495 153.482260442714 127.209122140719 179.36178271029 185.491930038944 171.843121345826 138.154042348479 177.503755981142 182.768996126267 179.600090569457 181.136140428219 174.034264479503 152.092517769648 175.576516648077 164.843781352326 159.719184178621 120.4448803923 166.279272853467 161.971149561819 109.105161904273 124.4031337957 173.036666835386 120.012239078693 131.125467569238 131.178094213436
"05/06/2019" 160.090230271491 167.009593829674 153.521379078116 127.219439822382 179.402161015182 185.534415295771 175.50537660086 142.167706710544 177.539312722036 182.812784805226 179.640977666536 181.180782824979 174.076674719088 152.111168909812 179.425085887219 164.888155327171 159.76091708014 120.472451067482 166.322773731794 162.013381402818 109.109873972871 124.409535020886 173.070130337607 120.018622269781 131.155261805146 131.209597141786
"06/06/2019" 160.110682438507 167.038283693687 153.560424030134 127.228279142085 179.438323903921 185.572922956496 175.545724534692 142.18136785004 177.57590351131 182.84486215301 179.682463537939 181.224761172243 174.120715274658 152.128431591183 179.460818824267 164.932008616863 159.799338051933 120.499221392525 166.365098084256 162.054947577796 109.114586427639 124.41881980056 173.104865442766 120.048434150264 131.18669301913 131.241845498232
"07/06/2019" 160.131946305785 167.066300266846 153.604675403137 127.236839478098 179.475696029431 185.613425283108 175.588812067726 142.19309834987 177.609874258422 182.889057464456 179.728868748147 181.265848590659 174.165618663624 152.146520232798 179.496802702822 164.974332150077 159.840943381399 120.526429149144 166.405865953655 162.096555375923 109.119258002916 124.427916826188 173.138457105599 120.077348205404 131.213953549431 131.272640025687
"10/06/2019" 160.195662215121 167.149533233445 153.726080935628 127.264825185036 179.590066441885 185.73935272695 175.715011216784 142.236207723581 177.741000911312 183.001915579349 179.849310846986 181.400421364529 174.294062829351 152.200851435828 179.602529904628 165.120289601847 159.967089644734 120.614325451846 166.537444111405 162.221524798758 109.133151786491 124.452556826657 173.23823469439 120.163844145756 131.303174076496 131.36832793566
"11/06/2019" 160.216676969296 167.177193305399 153.768031624966 127.275887564144 179.628372808706 181.866720620364 175.757028958004 142.247429795926 177.751286663014 179.160062172709 179.891460795604 181.44325521193 174.338552303899 152.218818979704 179.639316671989 165.14600800368 156.633616497908 120.638067080627 166.578637430666 162.265486503246 109.137716005655 124.461090285612 173.271805408673 120.193224602871 131.332896938832 131.399086019674
"12/06/2019" 160.237169187382 167.206148454405 153.807485102858 127.283761325919 179.666187274276 185.819388959429 175.800306390636 142.263378708021 177.801872622907 183.072263049136 179.930861572183 181.487615107418 174.382548478806 152.237270426108 179.675449180927 165.187484938153 160.049979394934 120.68883511437 166.622609197374 162.30840335801 109.142276747171 124.471172185223 173.306197446235 120.224230215595 131.361676524823 131.430760329343
"13/06/2019" 160.258927007258 167.234178085448 153.84948384828 127.293536841901 179.703218939419 185.857513415147 175.844378870101 142.275682178764 177.846791396976 183.109379498631 179.974706892775 181.531240631578 174.422668710126 152.254893590882 179.712025065782 165.228401160163 160.09084312308 120.716898009629 166.66531243548 162.350166057878 109.146818793819 124.479328564125 173.339705663119 120.254756927064 131.391756771827 131.462636798741
"14/06/2019" 160.280714461765 167.262180434083 153.890603492938 127.302334129743 179.742195623709 185.898448450795 175.887135286896 142.290612140904 177.881636812308 183.149857823398 180.015117961377 181.57368413797 174.465636996185 152.273487289593 179.746724296819 165.27416903648 160.133233480143 120.744318200856 166.707334615448 162.390407578233 109.151335099584 124.489095343438 173.373471398067 120.281952865748 131.421731594533 131.493971301145
"17/06/2019" 160.343045434071 167.344433149592 154.009812587127 127.330047307296 179.85767247908 186.018578599472 176.013382367019 142.336013595489 177.987094384643 183.263880405785 180.139669759322 181.706576180641 174.603669894907 152.326747004807 179.857200099333 165.401633096755 160.257851616597 120.801585450137 166.837125606373 162.520251150877 109.164864416217 124.51288252878 173.475886890914 120.395377394722 131.511350597109 131.588487552657
"18/06/2019" 160.364020360111 167.371663326635 154.050258582809 127.339318286665 179.899639252338 186.060640250881 176.056802053798 142.345187516273 178.023511380717 183.301005518012 180.183275498363 181.750416386313 171.015047267652 152.344599346814 179.893445147609 165.445587408303 160.299823800676 120.829729492461 166.880308627407 162.560902807983 109.169412598709 124.520944600978 173.508879059614 120.403227304863 131.541446430832 131.620389065673
"19/06/2019" 160.385026777867 167.401629243877 154.093744587395 127.348519986055 179.937602108949 186.102039995595 176.097474664381 142.35682266757 178.057899579386 183.341488413886 180.227981390169 181.793387453855 174.681790069318 152.36231109142 179.929139524304 165.487195988981 160.342424909477 120.856651260199 166.923376932681 162.604287739227 109.174053324804 124.530492316365 173.543201156764 120.454231824603 131.574424981456 131.651333448589
"20/06/2019" 160.406271184817 167.430027139497 154.135048284568 127.357964496482 179.975196076394 186.143900122635 176.139059823689 142.372545338924 178.09324111048 183.377765809614 180.26563525414 181.83661894144 174.724000156351 152.38029546134 179.9617206515 165.530888800716 160.385172398854 120.883666812038 166.964963927149 162.646431454295 109.178749093203 124.537901022202 173.57704598506 120.482733183133 131.599429218003 131.68283095545
"21/06/2019" 160.427458622814 167.457584591269 154.175336772682 127.370010477593 180.01157476308 186.184899177539 176.183803525185 142.385779012853 178.127986515976 183.415248761004 180.306568238511 181.879260872872 174.767478058365 152.398446004819 179.997835029916 165.573706342683 160.427073970392 120.935634114554 167.007145629125 162.687912779391 109.183706309387 124.546399310543 173.634563055576 120.513235169514 131.629048099647 131.7137795668
"24/06/2019" 160.489797188626 167.540292820524 154.299840456754 127.397470323804 180.120279837414 186.306896606149 176.311032566408 142.426554181364 178.233765802561 183.529971874017 180.433496024047 182.012417699691 174.896922767961 152.440950359365 180.106272115988 165.698347871935 160.553557300693 120.995664783374 167.137490127713 162.816039793703 109.196078696628 124.573007373349 173.711951952894 120.576297076805 131.717109027362 131.807646398771
"25/06/2019" 160.511335664882 167.56963459391 154.339121099417 127.403826864637 180.164256071893 186.348271849675 176.354083675124 142.439870581894 178.270128362117 183.568399286146 176.724363195493 182.054153055595 174.940426125744 152.459425896578 180.140903736311 165.740646248914 160.595308456401 121.022185226069 167.179494366778 162.858595817214 109.20056613086 124.581958335058 173.745610260329 120.608633203762 129.434308232696 131.839215887017
"26/06/2019" 160.529303562945 167.596429018439 154.381281563598 127.416047142906 180.19639428231 186.388037001813 176.394450650441 142.453527199842 178.303941129335 183.606384173863 180.521626519839 182.097638472078 174.984898011569 152.476427191275 180.176961886717 165.786394094383 160.635270934641 121.049756778342 167.221124558689 162.901093367794 109.205055110655 124.59074111001 173.779724234132 120.635210708156 131.776995504768 131.8700758847
"27/06/2019" 160.553224260164 167.623040217273 154.420458915393 127.425183278987 180.23387054833 186.427988589378 176.438348157282 142.467009392835 178.338864258609 183.643644926103 180.556500715033 182.142561443465 175.029732215108 152.494964572098 180.213640546221 165.82955042137 160.675216354532 121.077786209228 167.264939512264 162.942141215697 109.209541519196 124.597155872658 173.837035084592 120.66542847572 131.805794620888 131.901912432693
"28/06/2019" 160.577109706193 167.650882877595 154.462373628809 127.431401153191 180.27248525616 186.470421435493 176.480139325824 142.480589107335 178.37496019559 183.682612031449 180.599414433584 182.184489538957 175.07319162863 152.514098480576 180.249285335921 165.871752875277 160.720078695313 121.106382445727 167.308716470847 162.983772338246 109.214057650243 124.606299590611 173.847029824291 120.694882000551 131.840999956479 131.932753978953
