"VEBONO012021" "VEBONO012023" "VEBONO012025" "VEBONO012029" "VEBONO022022" "VEBONO022024" "VEBONO022025" "VEBONO022034" "VEBONO032027" "VEBONO032031" "VEBONO032034b" "VEBONO032035" "VEBONO042024" "VEBONO042028" "VEBONO042029" "VEBONO052021" "VEBONO052028" "VEBONO052029" "VEBONO062020" "VEBONO062028" "VEBONO062032" "VEBONO072033" "VEBONO082025" "VEBONO082037" "VEBONO092029" "VEBONO102028" "VEBONO102030" "VEBONO112020" "VEBONO112028" "VEBONO122023" "VEBONO122036"
"02/12/2019" 118.329485934555 119.724547909532 122.436046101432 95.042045678614 118.031989108669 119.402112139245 125.285883760205 117.41462881855 124.560804194098 124.307635088712 115.435040419834 115.473927392256 120.919094878496 122.612146827165 107.134602561022 117.917255129618 90.7921580073306 121.942531667442 110.596921124472 94.92263552257 118.429226052379 116.857700281746 144.708130341614 111.329457351558 88.8465634541676 122.422064670033 94.7268438699969 113.991509107856 89.152005669047 119.670774579617 115.193741376074
"03/12/2019" 118.488040884334 120.255918325477 122.681872290253 94.7994381457294 118.588069024463 119.435187946403 125.260935947469 116.94664710334 124.559064867692 124.064728323932 115.035520892616 115.110375583106 121.223331745649 122.388968853561 106.86689226119 118.358223102313 90.3954980930329 121.458665063255 110.627454046334 94.7456385977087 118.13434310172 116.317228391387 144.740328282178 110.563435842168 88.6000676069465 122.099177072259 94.3836894334052 113.357560103919 88.8451953716488 120.069918584915 114.801330965002
"04/12/2019" 118.344198731268 119.728916247913 122.439453116405 95.0430107378981 118.038989243933 119.408090140057 125.42129746235 117.488086143844 124.61149821413 124.334132644169 115.432340508814 115.484344342368 120.920827751868 122.607860627494 107.132117532222 117.929608608666 90.8805613834071 121.940449041331 110.496521625727 94.9345194222605 118.440739410422 116.851265556259 144.703497908924 111.327072888256 88.8660761490876 122.417502595174 94.7241364118794 114.018446679219 89.2069229054301 119.723959663378 115.216588243642
"05/12/2019" 116.400896842349 120.57520126228 121.352985175815 94.4915325334299 118.818130145713 118.597624651362 118.575856953818 121.06514094426 122.953686340294 125.506281081817 119.337455296509 120.246146381465 120.421765403569 121.339354333839 106.668857248858 117.00555817249 86.2441690050273 121.082001899846 112.692146414369 94.0627439935372 120.807951796807 119.938593217265 142.953465752862 117.35749807364 88.8698111705429 121.376871496704 95.5132448008898 110.953203835952 88.4466241823419 119.550878973116 121.299581448678
"06/12/2019" 118.472068919907 120.333573543008 122.946505326618 95.2217943969209 118.564888644996 119.645427245742 120.522664505106 117.583276803976 125.001869107225 124.637804944198 115.615154921368 115.706323662645 121.426412238642 122.849473702446 107.325475260556 118.300486954591 87.5129487049583 121.973804938267 110.418688866801 95.158498912161 118.704817620896 116.901735666215 145.07543294039 111.180666545384 89.0343918466461 122.584396902014 94.8430351957889 113.420708991003 89.2895449071604 120.277621447088 115.418785486081
"09/12/2019" 118.423395387124 120.016027227332 122.778674700597 95.3114470864463 118.231331680468 119.575349576051 120.563949330976 117.950829460885 125.077048978259 124.785878954301 115.774384729451 115.882722443422 121.221031335235 122.901931739148 107.414087442521 118.054709509423 87.7310470008733 122.157800044551 110.22931765166 95.2427634597229 118.846278075631 117.115226491195 144.97996602002 111.515758346218 89.175960387151 122.68495351514 94.9756116682007 113.827100277669 89.5369466413344 120.149178210059 115.640463005646
"10/12/2019" 118.348079827349 119.834452627181 122.642816417751 95.3086183796325 118.091388803694 119.576844183353 120.627395098433 118.157364770318 125.087575952295 124.78938795267 115.780205647224 115.889781448962 121.083610271941 122.884977188737 107.409500501883 117.945902943926 87.8626529461048 122.246788593645 110.164486056587 95.2349441489294 118.836998538577 117.183786711289 144.918339260567 111.682646807832 89.2042715311799 122.704606751278 94.9963147857772 114.059485200938 89.686788950413 120.08097220742 115.679848246719
"11/12/2019" 118.418242031586 119.990657270488 122.75375279896 95.2915199350226 118.207520199661 119.55152305785 120.541464322876 118.017996087195 125.112771096094 124.79296280767 115.746787587362 115.872111363776 121.19341647161 122.868662428596 107.387119998402 118.03929169074 87.7151502455998 122.126807088325 110.122898193303 95.2366380590836 118.835998773626 117.081676682228 144.939424477076 111.487943351073 89.1812599125518 122.651266111198 94.9515497551341 113.843071432491 89.585679296692 120.186551342096 115.6457555884
"12/12/2019" 118.462055191566 120.324014096058 123.049474585464 95.4309862791188 118.496320775021 119.714283142533 120.64830689532 113.334385192857 125.294639404832 124.971837402708 115.905352389747 116.031725631868 121.48811433935 123.056154305327 107.543652426237 118.233878461785 87.7197152809443 122.215025142328 110.067839559492 95.3824238666338 119.014509659851 117.183601077436 145.190801639536 111.490785190064 89.2880433072126 122.804659769435 95.068183604474 113.494107214896 86.3058509784547 120.433070671357 115.779256605408
"13/12/2019" 118.276206738928 119.86523517563 122.758105250746 95.4873687519731 118.067654502558 119.645127100342 120.732819208485 113.841609041978 125.402843526226 125.103834201995 116.024418825356 116.176386103542 121.164049987492 123.062482198038 107.594494229689 117.883419238639 88.0203255824391 122.438509218887 109.996265473818 95.4373384594192 119.113705829157 117.40952716339 145.030032805469 111.919401642943 89.436473387999 122.887881522549 95.1824871707558 113.991402461305 86.6571381614443 120.295044762359 116.007431374602
"16/12/2019" 118.303415176725 119.917262155451 122.837930642194 95.5713408268137 118.100789648393 119.70050334086 120.799476441443 113.936815978219 125.681477316059 125.312822195289 116.128209007504 116.329644845205 121.226209414539 123.139545141447 107.675045945164 117.910622983832 88.0912472675588 122.517399804206 109.823635610653 95.5581024856589 119.267394558225 117.492877434623 145.088730462524 112.007124050761 89.5867372261055 122.963689833974 95.2592196685112 114.024545403638 86.7311865240123 120.543805241204 116.208288173689
"17/12/2019" 118.388122639835 119.986971019752 122.856368537665 95.4990087265413 118.166541323166 119.658632029135 120.713355307323 113.725677145001 125.629034096313 125.230956747193 116.021825758846 116.231507272938 121.252695188318 123.060389329485 107.593441879993 117.986982840974 87.9555378940408 122.377790782512 109.784874683085 95.4993004596098 119.182401119739 117.349407526676 145.048327375328 111.812621309823 89.511823761946 122.861682360434 95.1656625944109 113.9745836406 86.5832100668419 120.569546010903 116.098755965921
"18/12/2019" 116.336498232042 120.601121712823 121.529903253096 94.7736002267821 118.778806946675 118.710619948418 118.761339243715 116.670339236796 123.238638975751 125.849242552922 119.638886389597 120.531977039825 120.54661428261 121.654935428276 106.97387073997 116.940640823998 86.5108060444077 121.415281728461 112.654501934123 94.3386276029394 121.133877304342 120.253969544416 143.179382933666 117.594837478415 89.1431807425818 121.702402687617 95.7987579134644 110.893589570545 85.4185816553523 119.649339679767 121.553311816633
"19/12/2019" 117.201674154088 122.093894796369 122.605088507025 94.689292939084 120.165342833711 120.028614181176 119.794989851424 116.423517532028 118.6122158802 125.679496366982 119.394591658831 120.316719172459 121.824814984646 121.856384774339 106.92406427766 118.005919649796 86.4721603922345 121.440031094528 108.14004062624 94.3235891438899 120.892691436947 120.002971774319 144.304437574414 117.52105437545 88.9497775997605 121.81056200762 95.5602466781459 111.618124066524 85.3037610761018 116.186038873641 121.431208021666
"20/12/2019" 117.202530502383 122.055821524808 122.578205244161 94.7125319345118 120.140521016597 119.992094791167 119.769917529693 116.442115007443 118.616008700165 125.709147576346 119.412566156579 120.327130162877 121.78964046621 121.872531601805 106.948261347866 117.999248075685 86.491926877183 121.464174708123 108.148944667847 94.3434757056365 120.92003866109 120.025563069614 144.280881300877 117.50649304827 88.9760565714384 121.831093523541 95.5883441621243 111.622431724208 85.3268165449528 116.148691157783 121.424435164195
"23/12/2019" 108.638281327828 117.502294558323 126.186027771367 105.700051056231 112.14594060137 120.161527537776 123.859366336739 129.435967789322 128.19867511781 139.229708747727 132.381613458146 133.042605179075 122.596501143036 133.236346643535 118.646687535471 109.003559289786 96.8437254915252 133.963386987079 102.778592399036 104.94227621768 134.239867167531 133.288355738518 149.460837707494 129.315469278791 99.9487568765566 133.811104532685 107.155264086224 103.755718999445 95.9640909376201 115.646985294019 133.586226737933
"24/12/2019" 118.620166543288 120.855120340778 123.624333134672 95.8293504335851 118.885174440285 120.06300700121 120.955634297499 113.58003373368 120.634599229706 125.485321266777 116.447520612319 116.551882649767 122.036165377838 123.595751830202 108.011540731013 118.38794954406 87.8936794638318 122.632141408908 109.491018959682 95.7541185600275 119.546457446796 117.664570167584 145.828061834784 111.828282248452 89.6055405402036 123.309685104488 95.4727053983291 113.507522551584 86.4474661623536 116.003662298315 116.254611625824
"25/12/2019" 118.598826336939 120.903405669986 123.64561663459 95.8148078878168 118.94223032402 120.09274446482 120.972137765232 113.546475199021 120.630215325007 125.461062960776 116.417433472517 116.519311911151 122.066302255569 123.587858826541 107.996841872271 118.410925126941 87.8791637336461 122.616488908447 109.440210878029 95.7412989758449 119.519408803328 117.635082316622 145.847394005911 111.791702976374 89.5863910602965 123.298200062332 95.4518266605021 113.451844197778 86.4300802956333 116.033251973718 116.21881538117
"26/12/2019" 118.28310188206 121.594071314269 124.152609462187 95.9818678668792 119.577637429967 120.672697815649 121.456817872259 113.633556281439 120.959820062104 120.572401846068 116.516992666226 116.594699807106 122.639836403975 123.880276847848 108.195283776369 118.506696448263 88.0419006799049 122.856905584274 109.270574357703 95.9182033449719 119.644414105089 117.751755205469 146.399527006449 111.846531955548 86.3360029449538 123.565929611741 95.5695909529892 112.918550314648 86.5673422706241 116.609657232129 111.619273660366
"27/12/2019" 118.266823403837 121.625594968911 124.248687808308 96.1300914554713 119.575271435791 120.742294748489 121.556481915029 113.838309080603 121.104795287969 120.768710362662 116.722204801007 116.802725162154 122.714321145839 124.043755660299 108.357344025218 118.489272463327 88.1790123942404 123.034680726214 109.267355653516 96.0606102537945 119.84356784588 117.956926683235 146.519938492998 112.058025898314 86.4833834807461 123.736778550136 95.7312616134302 112.905306152701 86.7082342632878 116.672604738881 111.831195284294
"30/12/2019" 118.571233480497 120.600570120137 123.789228069039 96.4345399087106 118.414712124188 120.079953763754 121.176849843016 114.525536422425 121.1852352325 121.348067049368 117.345346092239 117.557278549894 122.050065944616 124.160541340976 108.6405021299 118.01175865058 88.473955412007 123.313165826423 109.131065049226 96.3910094745321 120.482310578921 118.52821003962 146.025915990622 112.79255754013 86.941010341399 123.923570419599 96.1501515974723 113.830682048038 87.0697447704063 116.050646684118 112.651408418176
"31/12/2019" 118.463151573722 120.272950289631 123.334893378022 95.9346101375687 118.165719570038 119.678495664764 120.717872642914 113.871435854493 120.645211143198 120.707546383787 116.68315045836 116.919520694569 121.633928941614 123.559037808837 108.079885325159 117.847714208286 88.0115906852114 122.686121900912 108.927796474429 95.9271741545815 119.85876855855 117.851358793412 145.458698972714 112.119103045527 86.4693604009731 123.306322700078 95.6167999692637 113.785195529466 86.6053189188945 115.683507326775 111.993589254264
