"TIF012024" "TIF012026" "TIF012037" "TIF022021" "TIF022029" "TIF022030" "TIF022032" "TIF032022" "TIF032028" "TIF032029" "TIF032031" "TIF032032" "TIF032033" "TIF042023" "TIF052028" "TIF052034" "TIF052036" "TIF082028" "TIF092034" "TIF092035" "TIF112019" "TIF112020" "TIF112027" "TIF112029" "TIF122028" "TIF122029"
"01/10/2019" 133.920874259834 130.680278246252 119.227011917095 121.357745395907 134.104018925108 135.14068475071 128.162904064538 125.911727914267 134.034227031383 133.539510477551 130.619386995652 135.964221869076 127.785836331205 131.400566070753 131.780626596865 124.937350241392 120.502351055487 87.4602217092329 126.845618578171 124.604500883169 102.155887662422 118.819247229485 130.800073670656 86.90724578598 93.799168742815 95.9448321708087
"02/10/2019" 132.900712312458 129.504158836644 120.507102301905 121.571241384085 133.720676117135 135.042681715472 128.592235309326 126.308412045704 133.406791913605 133.166687519334 130.811824022715 136.403161956614 128.439323605268 130.855956913936 131.19564611793 125.821858546435 121.698445860821 87.1856092960339 127.794712990396 125.713555109215 102.116451411978 118.790412873978 130.064974814248 86.9565326250934 93.5788165497685 95.9939912145809
"03/10/2019" 133.229096304213 129.71084741592 120.406272421226 121.489714619218 133.721400172052 135.012945584673 128.523948174894 126.261660641095 133.446617127925 133.166162945997 130.758581597271 136.337414173099 128.360706611565 131.098715608679 131.225989225659 125.733511485142 121.599999130508 87.1603759524802 127.705753097534 125.618677746888 102.068403060618 118.759177107278 130.124030374075 86.8972231814466 93.5489120923519 95.9389995177075
"04/10/2019" 132.700875792846 129.329762697391 120.684568398364 121.604256097316 133.692110681937 135.053153897727 128.669421309158 126.405689226451 133.344736417291 133.139609842451 130.860047911501 136.484770028993 128.543566737028 130.740435100883 131.137010998713 125.953285211008 121.866127283848 87.1760061290922 127.93677033309 125.873441680884 102.024726669166 118.741132224906 129.982283848573 86.9903052367923 93.5762619698592 96.0287583453825
"07/10/2019" 133.930559620262 130.357676435674 119.764196030933 121.377182979683 133.898927496481 135.040018887871 128.283836493005 126.430901434158 133.766161476865 133.337720123388 130.636975174358 136.103021095149 128.012134229153 131.647885550953 131.512576247578 125.274891182237 120.995842611853 87.2657137930702 127.225080102355 125.061166659777 101.899047183522 118.604906626942 130.495675152207 86.8348674800945 93.6279224116703 95.8844687118072
"08/10/2019" 132.938879109572 129.387885547216 120.59931137952 121.555305720627 133.662674641413 135.01113984353 128.607992718355 126.770130946787 133.336929503237 133.109370093879 130.807099443796 136.431947157806 128.475122816268 131.068393747041 131.117714138371 125.878198094554 121.782233698395 87.1284249048605 127.867643254443 125.797822620743 101.847765583215 118.545860267628 129.973947411064 86.9341422517341 93.5292686205053 95.9794428459897
"09/10/2019" 133.413303461676 129.8686483022 120.252633705185 121.409521619108 133.79220727018 135.047973926908 128.48847915502 126.514441749957 133.558449948127 133.235241399238 130.755859024532 136.314895205215 128.294675594127 131.310948191215 131.319468863141 125.63538720885 121.457444882925 87.2125528612171 127.610922052911 125.498109022412 101.808075273185 118.510780792397 130.23534072385 86.910147020776 93.5953727552079 95.9600279021344
"10/10/2019" 131.195874650167 131.414247022177 120.549278590619 121.559166307469 134.961390154151 136.095770014965 129.236798141578 128.111725127979 131.016772847092 134.3990250551 131.637822228331 133.291704473178 128.942291929062 129.20260994587 132.567596739227 126.151952157444 121.805503884301 87.9566787600781 124.601342264771 125.902545550867 101.759408992673 118.337866670836 131.542213371216 87.5030357131198 94.3721944732266 94.2434366041099
"11/10/2019" 131.583092866902 131.854708973856 120.197211104368 121.417510700511 135.102581876062 136.14506687017 129.124887657384 127.891741997614 131.242101969362 134.53658185589 131.597129899607 133.179181803663 128.76551767312 129.385464228459 132.776962940546 125.909190682689 121.476127730342 88.0592695942682 124.341399743354 125.599739197569 101.721185997633 118.274845788999 131.805587797423 87.4985648753248 94.4564067343642 94.2405555871946
"14/10/2019" 131.782163191586 132.054678640495 119.928624731832 121.397569085877 135.113878344612 136.099001222268 128.9879572411 128.016448343647 131.302722852992 134.544016778294 131.498902757897 133.037946142261 128.589541976058 129.529699792538 132.82921720108 125.698973067036 121.216964818811 88.0689844473343 124.119306500257 125.360590688998 101.592133832159 118.040930361154 131.894170689384 87.4461072885775 94.4500912484819 94.1828777171485
"15/10/2019" 132.139674549632 132.739035378013 119.099957231719 121.281441166788 135.494696945947 136.301597224936 128.817464415039 127.603458753224 131.820540870154 134.919553049974 131.502756229969 132.864411678374 128.250856977419 129.596477858498 133.32193374065 125.180305291076 120.455363732408 88.3868879808278 123.554647710859 124.672511592372 101.536874029145 118.192754949421 132.458001029353 87.5582156891226 94.7364343313714 94.2954880028767
"16/10/2019" 131.847975733008 133.196361988779 117.333714060443 121.266925413392 136.313969811415 136.944365161896 128.829169314845 127.283906917109 132.680102818203 135.734215397372 131.84532494189 132.856806690882 127.874837628817 129.155809643201 134.181683002991 124.343725389537 118.899348003532 89.1415639472134 122.581315785111 123.336015797629 101.49922208694 118.17991922223 133.298073514962 88.1226305711292 95.473329726706 94.8500383905065
"17/10/2019" 132.040134646871 128.617550836934 120.292660999235 121.322513089116 135.466275910016 136.462980452769 129.352096155376 128.071817529553 131.640706621179 134.895142539811 131.862955338261 133.415116935831 128.95926398363 129.742001541634 133.169052338538 126.067587533627 121.581703091616 88.3320098754963 124.488631624934 122.299489271038 101.450933928166 117.985461087586 132.228402937184 87.7123728254353 94.7257298390047 94.4636264881872
"18/10/2019" 131.407572176965 132.830480528271 116.963415941884 121.310038287983 136.467769681103 137.181301487942 129.047436046698 127.46772817004 132.712974854711 135.891614521567 132.101035994502 133.069500330248 128.005790380533 128.913304648155 134.238727266704 124.335979123557 118.617930766491 89.298072585576 122.525968538103 123.149819023896 101.409648855038 118.069064552182 133.266524111253 88.3842558476144 95.6583265178936 95.1105287293714
"21/10/2019" 130.682294716196 132.244007444905 116.875986236679 121.428752078652 136.567636778556 137.374573418166 129.252928320544 127.837055439678 132.669332994195 135.995102695279 132.325413818862 133.268038619503 128.156209515112 128.520172745779 134.224779801271 124.409821706408 118.562928947869 89.438518098982 122.574426747768 123.145192968243 101.264829287041 117.911814504111 133.144242404164 88.6453770476209 95.8258530173301 95.3629328628821
"22/10/2019" 131.887297462884 132.16004957582 119.89979554433 121.206447767456 135.141923349155 136.114435274248 128.984776606049 128.046797419403 131.343763559808 134.57013647856 131.504856855153 133.038188829908 128.578663913136 129.635808899149 132.864728908459 125.681367367662 121.187801094247 88.0969726234531 124.101885545111 125.366673270527 101.229510582724 117.790627136983 131.943066257992 87.4612167042171 94.473522773599 94.1964048539866
"23/10/2019" 132.231669805554 133.287651697075 118.13169173387 121.107256209929 135.878989833802 136.514092319292 128.638651037165 127.350452075783 132.311680654988 135.295265482272 131.511754327783 132.675420989011 127.873270002123 129.480558925583 133.795462675597 124.593233383422 119.564237639305 88.7573647095317 122.907020645343 123.903638671921 101.1905368924 117.894054684713 132.988894096404 87.7371166190552 95.068013160896 94.4600505752759
"24/10/2019" 132.226574860368 132.876663270231 118.796893926065 121.146839185973 135.507000719686 136.264084964835 128.688629740181 127.774886189298 131.866000023751 134.926575538787 131.416273498939 132.731279948889 128.073720491662 129.695157304102 133.360591934276 124.959508248457 120.163926705347 88.4183917105717 123.318971432049 124.441305339372 101.139831724701 117.779675480969 132.525749115766 87.5408347362216 94.7504992295648 94.2669063453833
"25/10/2019" 130.374978871053 132.105257561768 116.56380741551 121.447765611381 136.730557858638 137.540658495966 129.317031070511 128.076338616041 132.78308177441 136.156780055633 132.451675411985 133.325257501844 128.133892815962 128.351627378041 134.350238621055 124.28764765746 118.286860048456 89.6117602230876 122.420450604056 122.935782738853 101.096270040731 117.681394250842 133.229792903337 88.8333042600977 96.0035182225731 95.542075219645
"28/10/2019" 132.136630466764 132.946039743439 118.68659974425 121.097253910619 135.611867130537 136.354082449974 128.728709686264 127.72545616295 131.967071356443 135.028126777653 131.482342900204 132.769123133704 128.078925858724 129.58252376768 133.463202348634 124.928261564126 120.067231587062 88.5325817908306 123.273868810266 124.396013109528 100.959939200742 117.594031175542 132.630618681336 87.6402744731175 94.8575094957841 94.3588280263362
"29/10/2019" 131.028872996258 131.454933605957 120.610313217402 121.405383933868 134.978364494674 136.111255513393 129.271589755692 128.648595959934 131.021554819137 134.407504085316 131.662280603967 133.325506949362 128.976520770001 129.144651799698 132.572927865554 126.200271509172 121.850856797522 88.0271958196799 124.646922872535 126.039540493855 100.91921230924 117.382917240834 131.565007108058 87.5784370886392 94.4247771420522 94.2991223458999
"30/10/2019" 131.626291458817 131.907691388711 120.315973468036 121.239747680952 135.042046336533 136.095597419221 129.133409577367 128.316123889863 131.166198741512 134.467088500136 131.575853573528 133.187866004738 128.793405502798 129.524621122734 132.701153263837 125.97411415212 121.568922054252 88.0447206743359 124.409334452751 125.786453800161 100.869568654962 117.431774504647 131.753037273101 87.5077533634941 94.4272268557923 94.2312175777931
"31/10/2019" 131.606094663255 131.908126559549 120.361216340637 121.233008469208 135.05088383317 136.10989350795 129.159855524732 128.334467093843 131.167891282366 134.474907692367 131.596361195444 133.214290647383 128.824025641315 129.510966415732 132.704403809171 126.010832911629 121.610651272482 88.0568506859386 124.446243468939 125.838870625118 100.830215250065 117.369576347045 131.755797228633 87.526870955029 94.4387491522799 94.2482860031843
