"VEBONO012020" "VEBONO012021" "VEBONO012023" "VEBONO012025" "VEBONO012029" "VEBONO022022" "VEBONO022024" "VEBONO022025" "VEBONO022034" "VEBONO032027" "VEBONO032031" "VEBONO032034b" "VEBONO032035" "VEBONO042024" "VEBONO042028" "VEBONO042029" "VEBONO052021" "VEBONO052028" "VEBONO052029" "VEBONO062020" "VEBONO062028" "VEBONO062032" "VEBONO072033" "VEBONO082025" "VEBONO082037" "VEBONO092029" "VEBONO102028" "VEBONO102030" "VEBONO112020" "VEBONO112028" "VEBONO122023" "VEBONO122036"
"02/09/2019" 114.423373670547 127.368945421965 147.410289864356 162.07021505593 134.101398816561 137.336650226374 153.801041487407 159.79882412383 157.671129302402 165.37884823196 168.12230078326 160.675856228479 160.152674903019 156.737389101581 170.232930935418 150.344093242302 129.80831609166 123.910563680362 170.120035952992 116.462883216582 133.641437095122 165.342480542985 162.960917473623 192.347815861412 153.543124836188 122.170085670358 170.449802798974 133.690602928514 120.150746084803 122.239518190328 147.954515417217 153.951592950326
"03/09/2019" 114.440823545047 127.393279088621 147.446637530722 162.116505613629 134.146886173614 137.367271279468 153.842876304045 159.845236211885 157.726817883607 165.431361752998 168.18027305973 160.731983876706 160.208646910377 156.780224753877 170.288154743524 150.394610723038 129.834446859698 123.952875238177 170.176702444026 116.482744978713 133.686236370938 165.399425002418 163.017834744561 192.403458514809 153.597609764056 122.212950919442 170.505823582908 133.737118174423 120.173124696735 122.281802966179 147.994471932974 154.006499136404
"04/09/2019" 114.458263193917 127.417603085967 147.482978260777 162.162793396272 134.192378064316 137.397883941498 153.884706617163 159.891646101671 157.782514221301 165.483877323443 168.238251984528 160.788119024036 160.264626526635 156.823056058487 170.343381991961 150.44513289822 129.860568329566 123.995191047224 170.233373754329 116.502597013085 133.731039649408 165.456376317388 163.074759493989 192.459098691259 153.652102766759 122.255821503665 170.561848501277 133.783639181097 120.195493955766 122.324092473695 148.034423825905 154.061413552085
"05/09/2019" 114.475692611672 127.441917406584 147.519312043851 162.209078392017 134.23787448234 137.428488203163 153.926532415289 159.938053781485 157.838218309806 165.536394933441 168.296237550373 160.844261664666 160.320613746169 156.865883003785 170.398612671582 150.495659760677 129.886680493272 124.0375111014 170.290049875566 116.522439313571 133.775846923897 165.513334481347 163.131691715802 192.514736377036 153.70660383929 122.298697417777 170.61787754532 133.830165943028 120.21785385512 122.366386707207 148.074371084924 154.116336192258
"06/09/2019" 114.493111792828 127.466222043057 147.555638869275 162.255360589022 134.283375421355 137.459084055165 153.968353686952 159.984459239623 157.893930143445 165.588914573131 168.354229749984 160.900411792788 160.376608563356 156.908705578145 170.453846773239 150.546191303234 129.912783342827 124.079835394599 170.346730799399 116.542271874046 133.820658187771 165.570299487746 163.188631403894 192.57037155841 153.761112976638 122.341578656524 170.673910706272 133.876698454706 120.240204388027 122.408685661039 148.114313698942 154.171267051809
"09/09/2019" 114.545307861915 127.53907777352 147.664577492952 162.394190269119 134.419905301001 137.550821060239 154.093790228422 160.123662166884 158.06111205831 165.746485571697 168.528246078524 161.068907044003 160.544638544538 157.037146959312 170.619569518853 150.697813939711 129.991035926739 124.206833647218 170.516802303016 116.601711054172 133.955115849275 165.741235496039 163.359495204723 192.737261938767 153.924688727447 122.470254268012 170.842034802873 134.016330433092 120.30719972036 122.535610787657 148.234113560092 154.336108895569
"10/09/2019" 114.5626860419 127.56334359934 147.700876381086 162.440461152674 134.465424260616 137.581383180644 154.135593279485 160.170058621206 158.116854815615 165.799013231474 168.586264740292 161.125087063974 160.600663696028 157.079951933626 170.674817217061 150.748364130854 130.017101439855 124.249174835374 170.573502353751 116.621504593387 133.999943004246 165.798227806637 163.416464696796 192.792886965164 153.979230073913 122.513156752716 170.89808434373 134.062885888612 120.329512719786 122.57792856595 148.274037483201 154.391072581457
"11/09/2019" 114.580053957911 127.587599703992 147.737168258229 162.486729178232 134.51094770952 137.611936844922 154.177391746706 160.216452795282 158.172605289606 165.85154287158 168.644289999355 161.181274542363 160.656696417005 157.122752478845 170.730068291489 150.798918966171 130.043157598918 124.291520231967 170.63020716529 116.641288361994 134.044774115364 165.855226926879 163.473441624566 192.848509418459 154.033779460109 122.556064535747 170.954137957611 134.109447066291 120.351816318929 122.620251036135 148.313956705851 154.446044461124
"12/09/2019" 114.59741160448 127.611846080081 147.773453113712 162.532994333934 134.556475641364 137.642482043786 154.219185618602 160.262844677389 158.228363474583 165.90407448213 168.702321848407 161.237469473345 160.712736701828 157.165548583335 170.78532273296 150.849478438465 130.069204395954 124.333869830869 170.686916729234 116.661062353883 134.08960917597 165.912232850194 163.530425981907 192.9041292849 154.088336881008 122.598977611831 171.010195635724 134.156013960602 120.374110511028 122.662578192516 148.353871216949 154.501024529443
"13/09/2019" 114.614758976144 127.636082720216 147.80973093687 162.579256607917 134.602008049794 137.673018767952 154.260974883693 160.309234255801 158.284129364846 165.956608053238 168.760360280141 161.293671851096 160.768784544852 157.208340235458 170.840580532295 150.900042540536 130.095241822995 124.376223625948 170.743631037179 116.680826562943 134.134448179402 165.969245570012 163.58741776269 192.959746550733 154.142902331583 122.641895975696 171.066257369276 134.202586566014 120.396395289324 122.704910029394 148.393781005403 154.556012781284
"16/09/2019" 114.666739387093 127.708734151024 147.918522105734 162.718026020897 134.738632070999 137.764577999432 154.386314923292 160.448389051567 158.451473210285 166.114220430948 168.934514998279 161.462323606651 160.936973366707 157.336688361222 171.006373985613 151.051762553359 130.173297804496 124.503310126877 170.913802340938 116.740060432087 134.268988779983 166.140324442712 163.758437584369 193.126582606995 154.306646811049 122.770682741175 171.234466814565 134.34233859352 120.463193073833 122.831933565959 148.513481923934 154.721026586599
"17/09/2019" 114.68404560454 127.732931773488 147.954771692934 162.764276649334 134.784182322158 137.795080731987 154.428085646314 160.494769297884 158.507269864616 166.166761745303 168.992579687571 161.518555713155 160.99305138617 157.379462087467 171.061645124513 151.102345102466 130.19929767192 124.545680645274 170.970535540782 116.75978544878 134.313843488029 166.197364282755 163.815458997579 193.182189332788 154.361244329993 122.81362220335 171.290544681851 134.388933987981 120.485440129364 122.874284067759 148.553372710839 154.776047521176
"18/09/2019" 114.701341519798 127.757119623087 147.991014194482 162.810524336704 134.829737018078 137.825574943446 154.4698517051 160.541147181834 158.56307419568 166.219304970702 169.050650922943 161.574795237253 161.049136935695 157.422231303134 171.116919575313 151.152932245296 130.225288129546 124.588055329135 171.027273442553 116.779500652128 134.358702105538 166.254410886393 163.872487803544 193.237793389152 154.415849853405 122.856566926884 171.346626560544 134.435535065849 120.507677737325 122.916639221506 148.593258719608 154.831076613585
"19/09/2019" 114.718627127418 127.781297692449 148.027249599715 162.856769071129 134.875296152386 137.856060624533 154.511613088159 160.587522691673 158.618886197759 166.271850097227 169.108728697067 161.631042173103 161.10523000966 157.464995996574 171.172197328804 151.203523974625 130.251269169421 124.630434172306 171.084016037824 116.799206036037 134.403564625825 166.311464247034 163.929523996119 193.293394762311 154.470463376209 122.899516906486 171.402712441825 134.482141821576 120.529905890968 122.95899902148 148.633139939138 154.886113858685
"20/09/2019" 114.735902421954 127.805465974205 148.06347789797 162.903010840728 134.920859718702 137.886537765978 154.553369784001 160.633895815656 158.674705865131 166.324397114957 169.166813002612 161.68729651486 161.161330602445 157.50775615614 171.227478375779 151.254120283229 130.277240783597 124.67281716863 171.140763318163 116.818901594411 134.448431042204 166.368524358084 163.986567569158 193.348993438486 154.525084893326 122.942472136863 171.45880231687 134.52875424961 120.552124583548 123.001363461958 148.673016358328 154.941159251331
"23/09/2019" 114.78766637264 127.877912020199 148.172120044237 163.041718241735 135.057576945862 137.977917859765 154.678611633285 160.773000754962 158.842210801743 166.4820494161 169.341105034385 161.856103917064 161.329677437445 157.636009315082 171.393341185434 151.405936612374 130.355098992481 124.799991014891 171.31103318522 116.877929255426 134.583053600962 166.5397451277 164.157742509567 193.515773147283 154.688997359752 123.07136927963 171.627095816305 134.668625512003 120.618723827481 123.128484569123 148.792616702803 155.106344263038
"24/09/2019" 114.804900360434 127.902041077908 148.208319807954 163.08794803318 135.103158176357 138.008360749957 154.720349465313 160.819364218002 158.89806107301 166.53460389935 169.399215392205 161.91238782393 161.385808049225 157.678751222634 171.448635314153 151.456551165745 130.381032824427 124.842390562177 171.367799121441 116.897585450771 134.627935534761 166.596832174381 164.214815542956 193.571360897676 154.743650803301 123.114345460081 171.683201578097 134.715260573697 120.64090460839 123.170867514309 148.832473809575 155.161422194353
"25/09/2019" 114.822124007955 127.926160311216 148.244512411384 163.134174800359 135.148743806915 138.038795054175 154.762082552645 160.865725236411 158.953918980916 166.587160224131 169.457332244723 161.968679107431 161.441946151673 157.721488538045 171.503932690241 151.507170262207 130.406957190972 124.884794231752 171.424569700514 116.917231790147 134.672821331162 166.653925938452 164.271895926041 193.626945882143 154.798312215739 123.15732686478 171.739311289476 134.761901279897 120.663075894537 123.213255071329 148.872326060473 155.216508247447
"26/09/2019" 114.839337309771 127.950269712774 148.280697843865 163.180398531379 135.194333831137 138.069220763159 154.803810883781 160.912083798427 159.009784519723 166.639718380496 169.515455584583 162.024977761705 161.498091739151 157.764221249659 171.559233304463 151.557793894512 130.432872084185 124.927202017414 171.481344913984 116.936868267473 134.717710983456 166.711026413304 164.328983652659 193.682528086886 154.852981591973 123.200313488411 171.795424941595 134.808547625034 120.685237679187 123.255647234438 148.912173444389 155.271602417159
"27/09/2019" 114.856540260456 127.974369275236 148.316876094738 163.226619214339 135.23992824262 138.099637867651 154.845534447219 160.958439892284 159.065657683686 166.692278358491 169.573585404424 162.081283780887 161.554244806024 157.806949345815 171.614537147578 151.608422055409 130.458777496137 124.969613912956 171.53812475339 116.956494876672 134.762604484935 166.768133592324 164.386078716644 193.738107498103 154.907658926908 123.243305325658 171.851542525601 134.855199603536 120.70738995561 123.298043997889 148.952015950211 155.326704698324
"30/09/2019" 114.908086951491 128.04660885464 148.425367651122 163.365262855847 135.376737736557 138.190837461616 154.970676416323 161.097493247197 159.233322869056 166.849969122664 169.748013670186 162.250245969181 161.722748826573 157.935105824928 171.780467957821 151.760333637085 130.536436765185 125.096874196757 171.708491942576 117.015315434764 134.897308017307 166.93949528819 164.557407871106 193.904828832521 155.071738632932 123.372312065858 172.019918780359 134.995189283462 120.773789668218 123.425261832765 149.071514087987 155.492060158864
