"VEBONO012020" "VEBONO012021" "VEBONO012023" "VEBONO012025" "VEBONO012029" "VEBONO022022" "VEBONO022024" "VEBONO022025" "VEBONO022034" "VEBONO032027" "VEBONO032031" "VEBONO032034b" "VEBONO032035" "VEBONO042024" "VEBONO042028" "VEBONO042029" "VEBONO052021" "VEBONO052028" "VEBONO052029" "VEBONO062020" "VEBONO062028" "VEBONO062032" "VEBONO072033" "VEBONO082025" "VEBONO082037" "VEBONO092029" "VEBONO102028" "VEBONO102030" "VEBONO112020" "VEBONO112028" "VEBONO122023" "VEBONO122036"
"01/04/2019" 107.731059588273 120.694548790652 117.677505878594 119.991614047285 90.9554362640706 117.661831968234 116.706075352604 118.091656383365 120.363198155085 120.054845079632 125.840232622402 122.505954878991 123.338206222412 118.146340567926 123.76777452723 106.154599505382 119.594277796173 81.7994444320304 124.711230594072 115.705654155634 90.0391479839998 124.085909872318 123.851282097409 147.265181878573 120.787565671329 81.6464245306842 124.352737790796 92.5249125445497 115.054290900611 80.7523136004316 112.496760094312 120.960143225436
"02/04/2019" 108.011683589704 121.478014340089 117.19095962142 119.29194488372 91.4265694429447 118.362040166401 115.796369580125 117.408351363821 120.6869393582 120.090756357708 126.339088686957 122.873819598348 123.508885461579 117.281011834597 124.21459093226 106.696625066275 120.820249035255 82.1597081581243 125.28850624531 114.155319828628 90.3753094923783 124.530138506251 124.330972482538 146.871827749655 120.762689249338 82.0866704397111 124.888303323328 93.0786514725602 115.163334349176 81.1672632714112 111.492012909666 120.913549988074
"03/04/2019" 108.082986629715 121.523086440322 117.269879464604 119.105981661743 91.3685702252781 118.609718451697 115.678618366362 117.214077994228 120.817921560842 119.922520559171 126.352710940967 123.012343546496 123.675597011624 117.148145240038 124.103821383734 106.643320476654 120.987095247146 82.0738412158419 125.226343860343 113.977118219943 90.289714120379 124.602397519826 124.446285331622 146.675154054645 120.997801178249 82.0610747100002 124.802048701485 93.0990597024266 115.118193891318 81.1070898671113 111.392729131492 121.126035114765
"04/04/2019" 107.910583202532 121.129123268211 118.05505613583 119.144840454882 91.1829054379429 119.150568322749 116.070246007872 117.213824062036 121.529138211248 119.633588239262 126.551919338083 123.742243925172 121.141023368356 117.4707588195 123.905003227863 106.528364368215 120.782830684547 81.7888892735127 125.159702550669 114.668528553004 87.6832344091833 121.490774998737 125.080926684245 146.731341554962 122.238678403675 81.9608395303443 124.6643370311 93.2071865737971 114.677923050473 80.8902324399672 111.820425278265 122.251280534631
"05/04/2019" 107.881665531151 121.16371136704 118.032161359465 119.091759365778 91.1527591409498 119.163846512594 116.0222457568 117.159314156383 121.502171528623 119.584779547845 126.517047908263 123.716545860258 121.115488505079 117.421849088898 123.861947152585 106.494782718585 120.817676803705 81.7574847980909 125.120071224407 114.673288750525 87.6501543555626 121.460331525453 125.052874742606 146.671893040237 122.216651825218 81.9348697972942 124.6231221826 93.18247341131 114.707637202089 80.8615083019359 111.775092995905 122.227922437831
"08/04/2019" 107.893114854695 121.118855277788 118.063774044906 119.045657565641 91.1358062105734 119.206379305279 116.001009805489 117.10763188483 121.53902633393 119.531792121897 126.519596122265 123.757494129946 121.160448707739 117.396676940949 123.827197063159 106.478710926348 120.805676197552 81.7309378777149 125.099708086403 114.59967081139 87.622038206176 121.478385083781 125.086088549539 146.615044614822 122.282987462576 81.9269201455313 124.595672575183 93.1892866909604 114.643585462206 80.8429008353493 111.760265056646 122.287535567733
"09/04/2019" 107.683073674344 119.096272518553 120.86126380386 124.586082211144 91.0441501003969 118.675596220165 121.018732921037 122.543639147291 114.639310753315 123.040251460997 123.707992756593 116.76341612611 113.275352558325 122.582071872188 125.386482693759 106.164765659983 118.567027535334 82.402162719297 124.934692219469 115.499238571365 88.4629873516139 116.876462265701 118.71582941032 152.073296951812 111.892841229983 80.7148865904619 125.284853587265 90.4609631323887 113.384125763731 80.7177991279978 116.71084827128 112.64806296356
"10/04/2019" 107.991633243788 120.936313793502 118.447634774248 119.325912950166 90.9897232666884 119.367146176069 116.385155706028 117.367521503429 121.466660637354 119.527166961623 126.377805980198 123.689497549758 121.119261480026 117.767128127832 123.739822241407 106.33810587117 120.699615391649 81.5960086733042 124.970047098352 114.462810596336 87.4892026741282 121.357931553206 124.997217173634 146.86319727091 122.320452404417 81.7655213770036 124.483526933639 93.0391120228654 114.440537341105 80.691007682299 112.152244329754 122.301810209497
"11/04/2019" 107.878313370046 121.072033089747 118.172501667644 119.14435826426 91.1971245686778 119.275576732362 116.104673249044 117.20241338115 121.569143088297 119.618456723794 126.583520563422 123.789696758265 121.178375420863 117.500927146573 123.913851763891 106.548237982421 120.795533416944 81.7888430302264 125.18007657319 114.518403897659 87.6826779373161 121.52588492715 125.12583645865 146.724909005882 122.278835600035 81.9760032460662 124.679744850534 93.2380598067394 114.57739271297 80.897034097823 111.862953416813 122.288661307946
"12/04/2019" 108.098659972171 120.789558761366 118.632069883121 119.606767399092 90.8750271257539 119.334173408735 116.683736887935 117.637754639616 121.229122481347 119.594364275392 126.181263198461 123.453302969021 120.879027565504 118.06928825263 123.704131711182 106.218354203947 120.546738299471 81.5136356845566 124.857471100659 114.445951695112 87.4066681617939 121.133762290031 124.762559576657 147.132155470951 122.088059700193 81.6098693685456 124.407287708557 92.8523562945746 114.314328935032 80.574125023574 112.440622629898 122.064571216736
"15/04/2019" 107.897512443896 120.991783618449 118.256171813643 119.221192723048 91.1389244593563 119.276311844264 116.204542119273 117.269359044801 121.554814769458 119.597081024253 126.525874981036 123.78112332557 121.180421462936 117.600878863806 123.867565048929 106.489640342169 120.7259315458 81.7326226699708 125.120013866466 114.467453006356 87.6252172923688 121.48375732857 125.103886782292 146.7843823824 122.322665512495 81.9132373439812 124.625261682769 93.1842216348351 114.495694861553 80.8358871435564 111.962576817809 122.319820080076
"16/04/2019" 107.863326513286 121.011010008503 118.281483542841 119.183302046468 91.1122380695466 119.329122044748 116.187002707439 117.228266797603 121.565316736057 119.549323365768 126.510931829967 123.793410033656 121.198182711537 117.579420570927 123.8281536199 106.462479972328 120.764001162675 81.7009304728851 125.089176877759 114.440214399931 87.5927293777909 121.480596868658 125.1102441285 146.738193902638 122.356523399128 81.8938125537761 124.590006171718 93.1734086788978 114.501391780799 80.8092903055533 111.950615759514 122.349099505564
"17/04/2019" 107.581533860054 120.399595413183 117.550046801244 120.266141636376 91.5183447533531 117.377126397201 116.708311896885 118.277479165924 120.92428630612 120.493796928569 126.440485549961 123.194277150276 120.43770376372 118.26639610889 124.481290134635 106.816945916149 119.253018030614 82.2250193503266 125.429108777336 115.855738921207 88.1346303106137 121.157322519361 124.560800612815 147.777365519581 121.257457645915 82.0684351290276 125.08613845288 93.1244787231143 114.563016103116 81.1827172199279 112.349632921959 121.355108174147
"18/04/2019" 107.89894571452 120.910164144099 118.529520748343 115.826449408718 89.0335129475751 119.376174324794 116.583885983129 117.68086596877 121.858000824576 119.991872463413 126.871267489003 120.666810633454 121.475916869061 117.990190327968 124.248270935071 106.806753950612 120.681862149013 82.0052610563784 125.485855035304 114.388049161811 87.9120780009697 121.802340465895 125.419540977406 147.253300132701 122.604362202645 82.1602413021471 124.998474237255 93.442822130064 114.401770011501 81.0948224525288 112.32481677198 122.606716911483
"19/04/2019" 107.836513041336 120.962835414482 118.258047819472 115.682663278707 89.1467489490399 119.205478495588 116.353658456818 117.550428859438 121.893883561275 120.031257503457 126.967099534759 120.701056866937 121.486989195546 117.77536963417 124.334892454847 106.917025594166 120.675045221954 82.1153890539506 125.589324274248 114.445057697158 88.0200386944203 121.876218855477 125.470525234322 147.133676317404 122.558965454217 82.2750432180773 125.096090033116 93.5456739308682 114.474550861841 81.2106422284749 112.083360267609 122.576899104286
"22/04/2019" 107.753037511436 120.925746189817 118.203000299278 115.795964738906 89.1147397183171 119.051103697005 116.424523090593 117.665285530257 121.747215686369 120.08699448418 126.869427771603 120.553567719166 121.328527329763 117.862606385805 124.341864916311 106.880878434641 120.575206770944 82.1068429894582 125.549526086262 114.476726860728 88.0092297606 121.753477930453 125.333079385255 147.248371079622 122.380617070328 82.2182472892107 125.079286545955 93.4641364740472 114.471365041945 81.1807415002622 112.138021625543 122.402252307398
"23/04/2019" 107.805174153753 120.885229465956 118.431173110714 115.768860545499 89.0731645741266 119.315383763994 116.492705149857 117.632327763714 121.756094636369 120.017701220726 126.862234112461 120.559799336135 121.337624253484 117.908861903677 124.29124081665 106.846568231783 120.654831213375 82.0529859230852 125.519569424269 114.317999968556 87.9568621476656 121.754841918656 125.340457807041 147.213004162022 122.392824278993 82.1908363317557 125.039148688492 93.4521537261522 114.368729463214 81.138319424157 112.228115848883 122.413057781972
"24/04/2019" 107.819901362165 120.868710574298 118.275346052068 115.741886393292 89.0679923722854 119.131636996116 116.421641384063 117.609078163698 121.794712271375 120.006711287182 126.857945786547 120.600328362386 121.392899447332 117.849843496007 124.276476698221 106.837737666883 120.567809050118 82.0519579140912 125.502911121412 114.39795543488 87.9530973813143 121.768056974632 125.370587240222 147.182726207605 122.484509066947 82.1888126026696 125.022806577484 93.4547809719534 114.389928307618 81.1360887523149 112.14595111101 122.494863076561
"25/04/2019" 107.865227356749 120.89408180606 115.703795117596 116.592551113249 89.188572434176 119.945529256333 117.452796437094 118.434031386041 121.874057414607 120.468794948886 127.033075400957 120.675546792767 121.454887608385 115.104450895837 124.616198909169 104.006336282027 120.837020571884 82.1763337441014 125.765698104407 114.198603829674 88.1040488503015 121.884600444521 125.466926349061 148.084605800335 122.518742142857 82.2413344182557 125.321070186867 91.0569914359014 114.301706946123 81.2218365579873 113.190278345551 122.536978505132
"26/04/2019" 107.819578645087 120.943177046057 115.566959646075 116.550954167769 89.3165988633745 119.87808484618 117.34516196304 118.403572903931 121.849593209481 120.57152659045 127.126551116692 120.647083409747 121.386148687023 115.006858203142 124.749602919224 104.135416224954 120.860609509291 82.3054458794233 125.899616534831 114.225012974365 88.2338953299911 121.929831510223 125.469171013593 148.076724498509 122.353583899395 82.3567301431163 125.457623225654 91.1479493225545 114.355008699304 81.3488530062786 113.073005744658 122.397732770139
"29/04/2019" 107.635143840609 120.733938309579 114.980285863938 117.255548189942 89.5343907306834 118.59943635693 117.661964067685 119.121593581336 121.381992864459 121.20691827207 127.018934189615 120.184548306877 120.832306882151 115.433711715304 125.188200124058 104.334482075878 120.05536637507 82.628230592865 126.106925977744 114.999537815204 88.5561745316025 121.648424005335 125.073435941972 148.830891081172 121.622013675654 82.4203695093937 125.781773150382 91.0630798495356 114.511811862778 81.5600701187509 113.277305400483 121.710777595751
"30/04/2019" 107.566659745963 120.694208439904 114.777357309849 117.224450646707 89.6082504274189 118.306595515306 117.56665822921 119.090539436871 121.493557479267 121.237339496185 127.101879911117 120.303135256655 120.956537966142 115.359054487903 125.2481143685 104.407669936085 119.867236745062 82.697409769457 126.169329942533 115.248398683432 88.6243864486331 121.74617597221 125.187295085517 148.793104815476 121.764653972692 82.4976398361559 125.843598879906 91.1497715670605 114.56627312766 81.6326903027253 113.170274101442 121.84927722125
