"TIF012024" "TIF012026" "TIF012037" "TIF022021" "TIF022029" "TIF022030" "TIF022032" "TIF032022" "TIF032028" "TIF032029" "TIF032031" "TIF032032" "TIF032033" "TIF042023" "TIF052028" "TIF052034" "TIF052036" "TIF082028" "TIF092034" "TIF092035" "TIF112020" "TIF112027" "TIF112029" "TIF122028" "TIF122029"
"02/12/2019" 132.926497012916 129.295064327077 116.953969603057 118.732991289973 132.026888428545 136.822204786817 129.546763791721 128.60637559198 132.114618511576 135.324974206564 132.118355215898 133.603636589635 129.09600311677 130.547684033479 133.655705859725 122.645256301681 121.577958851489 86.4828998883551 124.528055533421 122.290432862188 116.001028831589 128.999514592776 85.730975397582 94.9001170110142 94.573070564459
"03/12/2019" 132.271572578422 129.070383233371 118.197440438967 119.785385576429 132.488940561322 137.439455828976 130.439480960006 128.93035694904 132.370816979533 135.77790704583 132.860995533138 134.472015739663 130.071225313021 129.952545085548 133.988415249318 123.743972231031 122.789267890626 86.8951979043747 125.615192167526 123.444455070132 116.464215146125 129.203179149431 86.3009459148748 95.3392341960162 95.1452422160195
"04/12/2019" 133.253228515245 129.850254202846 118.001477592078 118.691948780089 132.84936184653 137.716384692102 130.505898406287 128.662959111392 132.867863588162 136.150308271091 133.050730898437 134.595190018476 130.097213674521 130.767198767388 134.420452538936 123.664893085379 122.625341533318 87.1056779321795 125.558741544294 123.33589376215 115.960879934962 129.716654273694 86.4030513215845 95.5653173057011 95.284781404211
"05/12/2019" 133.921062407859 130.163585881035 117.902583034795 120.090595400197 133.025818053318 137.838757930918 126.931178431697 126.825537266927 133.036151348171 136.316045246213 133.091385261597 134.591531004139 130.078630640198 131.785293411827 130.83078111235 123.634244137373 122.542281262851 87.1431144239643 125.474946497222 123.229653830111 116.181703915222 129.927704868936 86.3924907195542 95.5980973182164 95.2755250358032
"06/12/2019" 133.839291540064 130.114548980248 117.933801300258 120.042127170616 133.011987241501 137.837772153094 126.942897693981 126.762350750009 133.012394047811 136.306938444207 133.095112196505 134.599223680427 130.096748063514 131.696828840272 130.811876706129 123.656736665126 122.576149247897 87.1462296025344 125.496853790166 123.255062233884 116.079877222071 129.901152765017 86.4026700930175 95.6006044941504 95.282947886247
"09/12/2019" 133.349657424871 130.004389740786 118.727214259877 119.778259134668 133.321267174602 138.274239486778 127.527034967925 126.163177702873 133.205428329788 136.64225598935 133.597290656955 135.169781663903 130.748115067616 131.080792017042 131.048402910774 124.362110422012 123.377405092648 87.4774811759669 126.203325549696 123.9996333601 115.634351078 130.055144940034 86.8195405829614 95.9475072805897 95.6985870323662
"10/12/2019" 132.684331421315 129.205951454859 117.641365067699 119.458367154489 132.349031927541 137.265974400722 126.488120163535 125.805462959479 132.264549827276 135.686104298165 132.547867189498 134.059797144576 129.672904530403 130.49928988087 130.130382298581 123.28441400164 122.307555809812 86.8082088570228 125.096536554447 122.886938850767 115.040743527662 129.155231374625 86.1101708200138 95.2188762166285 94.9260345238895
"11/12/2019" 132.69533179984 128.82353485702 116.351827504238 119.226823188947 131.520322660213 136.336259003149 125.400241272221 126.192484722553 131.547842714293 134.87032699601 131.52330728643 132.933423852335 128.519305135733 130.679933376365 129.397866314236 122.072422872246 121.044600574354 86.1628418409146 123.863819932645 121.617887746186 114.458581651694 128.493937354323 85.3647364515164 94.5261913638187 94.1415226500018
"12/12/2019" 133.960518817899 130.430027423629 118.690329766897 119.920644159827 133.550393679575 134.564920468037 127.610927650408 126.746486773256 133.500457121078 133.013062316588 133.752743968793 135.293743277052 130.827152606623 131.741706588792 131.304148680973 124.381426795958 119.990817370783 87.5779441719541 126.237900591777 124.008150925029 115.791614381359 130.351036944996 86.8771840705441 96.0711603424611 95.7859687584792
"13/12/2019" 133.994648002827 130.460515662707 118.699113469805 119.753826699375 133.562578245109 134.566220305385 127.614480932739 126.608190187747 133.528664940293 133.015080560148 133.771822855369 135.318715686957 130.838427322151 131.759050562098 131.311685097914 124.387906921401 119.987341412403 87.5761317369351 126.258671702343 124.028673257874 115.856996709168 130.371544283156 86.8787528671372 96.0758400568841 95.7953501350499
"16/12/2019" 134.015237405699 130.421364701215 118.527555384991 119.779935447798 133.462402893518 134.456902058003 127.479878197938 126.809067565394 133.443775032128 132.922310978758 133.653868128092 135.174068538373 130.70974008214 131.81891602204 131.22908053264 124.231329916558 119.827294861106 87.508509923318 126.097872275582 123.859227323319 115.581586565941 130.291285257413 86.7923377802291 96.0073778776803 95.7042102275864
"17/12/2019" 133.962228731409 130.415116676003 118.634046603507 119.772142108247 133.509869052718 134.522848499445 127.56345715414 126.789527185033 133.477109103465 132.975570177754 133.732417153664 135.254698204045 130.811486866825 131.754935045028 131.269120158772 124.328373147047 119.938245444978 87.5622405064254 126.195310365912 123.959631540885 115.439228832794 130.317324178257 86.8547644143754 96.0668703497856 95.7673327983126
"18/12/2019" 134.00758373111 130.425041880987 118.554919454071 119.676835352322 133.473162055815 134.470017255242 127.49900344937 126.77050659489 133.458788982527 132.932173964156 133.682085364944 135.201358862619 130.744240057315 131.805650912299 131.236755323645 124.255130077418 119.852661260251 87.5225387304938 126.129017397803 123.89015704605 115.45824650735 130.29890424161 86.8092164410504 96.0278451713611 95.7247238743702
"19/12/2019" 134.027023329887 130.508776465918 118.783955463781 119.615816302977 133.626109535555 134.639710460933 127.693320935713 126.684928537696 133.598249858837 133.082824739328 133.872336646233 135.408933412215 127.330008717828 131.793625376162 131.372510628764 124.470826144191 120.076420299736 87.6408205379028 126.352997200649 124.119654945457 115.474832969864 130.42578704621 86.9443821024273 96.1572519817288 95.8693878867582
"20/12/2019" 133.988627399334 130.498180912203 118.846359778225 119.702605518261 133.652689058684 134.68441455227 127.746409910094 126.766204549212 133.614363794126 133.11975008669 133.927515796208 135.454366837168 127.398582312793 131.758310096492 131.398000224337 124.529501714628 120.149721348247 87.6819503401764 126.409965217083 124.175975004215 115.289286931886 130.435213305199 86.9876033581605 96.2062439143857 95.9124587960116
"23/12/2019" 134.058740815362 130.534354162955 118.782114921952 119.380489100239 133.631176104383 134.636877366861 127.690583911155 126.593716998667 133.620392497113 133.081650372909 133.889849535493 135.424805624456 127.320254664157 131.815827300415 131.375788561224 124.468508355279 120.067117919449 87.6439464024277 126.36465594276 124.12912908395 115.323742945947 130.438622701929 86.947381848908 96.1688688015067 95.8794769063467
"24/12/2019" 134.021180628692 130.511454727203 118.809186643117 119.545731774004 133.632457450083 134.655770457084 127.71391368371 126.757741417396 133.619022517938 133.095415347649 133.928247268455 135.443439621503 127.359897878798 131.794575885699 131.379238773804 124.493909859603 120.107759254623 87.6683653197142 126.392569861997 124.1533087856 115.09969077615 130.425933796977 86.9710337040257 96.2073689710969 95.9050189496444
"25/12/2019" 134.010756133881 130.49880927184 118.7905886047 119.494285350839 133.613250284942 134.634715729015 127.693816279717 126.733805100198 133.605702469518 133.074992288675 133.915446360429 135.428346994025 127.338445811556 131.784221333603 131.36001785752 124.474338991031 120.087358569472 87.6557113712788 126.377706695262 124.137692895693 115.049408148794 130.409114371927 86.9584877043467 96.1975888105527 95.8939031663779
"26/12/2019" 134.18344377113 130.715818244211 119.076167448563 119.21385826785 133.871017314658 134.889736305378 127.96041259694 126.526428353401 133.851450297454 133.317047865394 130.412900290417 135.715523206846 127.595649812341 131.90055834696 131.598287332895 124.754974863893 120.355159379955 87.8216144898186 126.662118701077 124.429743154394 115.269629219647 130.65552573354 87.1384365505366 94.049643670416 96.0859798127928
"27/12/2019" 134.031059950173 130.629845366902 119.177475087747 119.406320349957 133.865246960595 134.920039615382 128.021537409255 126.635923215757 133.835559768089 133.327240338397 130.483427428575 135.777209596316 127.686851309961 131.757181087625 131.584412366313 124.838287803045 120.469808843139 87.8598871795287 126.756993380289 124.52477142861 114.956811819829 130.613840112762 87.1900069383409 94.1069959878215 96.141928563505
"30/12/2019" 134.071713073433 130.668654090351 119.206134716556 119.274961501052 133.89339068833 134.944562796604 128.04745670316 126.614852544059 133.878223915486 133.351152849781 130.503800767964 135.821511622687 127.709167849524 131.793329155778 131.609781977723 124.865950653674 120.493240635339 87.8802941484074 126.798723193826 124.564114681821 114.840659024869 130.645057805948 87.2116859951293 94.1227470268227 96.1723176288506
"31/12/2019" 134.131513879915 130.727409129209 119.209398574827 118.884512419917 133.93192216902 134.959648486248 128.056763963633 126.21740988647 133.907123083885 133.372042124363 130.489086525485 135.826672871703 127.695585370083 131.799281154344 131.644139472194 124.872640322091 120.478040388138 87.8795562185223 126.791066369636 124.564725802257 115.146643572144 130.699977159702 87.2111365117715 94.1015808060952 96.1636076645631
