"VEBONO012020" "VEBONO012021" "VEBONO012023" "VEBONO012025" "VEBONO012029" "VEBONO022022" "VEBONO022024" "VEBONO022025" "VEBONO022034" "VEBONO032027" "VEBONO032031" "VEBONO032034b" "VEBONO032035" "VEBONO042024" "VEBONO042028" "VEBONO042029" "VEBONO052021" "VEBONO052028" "VEBONO052029" "VEBONO062020" "VEBONO062028" "VEBONO062032" "VEBONO072033" "VEBONO082025" "VEBONO082037" "VEBONO092029" "VEBONO102028" "VEBONO102030" "VEBONO112020" "VEBONO112028" "VEBONO122023" "VEBONO122036"
"01/04/2019" 107.682923485953 119.264730406911 120.755524328912 124.20053080346 90.5821675277119 118.81415760791 120.945840312952 122.392704711246 114.049173686425 122.785323572293 123.253437876109 115.917296725254 115.978259236024 122.317438898516 124.809788375802 105.614461452652 118.825462149515 82.1642838700006 124.400455357068 115.304877087267 90.4885153486568 119.769024303949 117.969843804085 151.585511255517 111.179871892523 80.4590298721746 124.711373277991 89.9277269968879 113.802869361317 80.4705932874969 116.784089192905 112.059854291115
"02/04/2019" 107.629902243134 118.815607877927 120.471905055937 124.079581359326 90.7314803515432 118.453340047108 120.77655308364 122.307140629083 114.33332145659 122.853743064435 123.501546512053 116.165155391133 116.349083421045 122.129700256226 124.848138820297 105.732907388551 118.405060061288 82.3251654659625 124.505829732933 115.150497043264 90.6985154693327 120.091320175164 118.184102640174 151.380646208704 111.481513578671 80.6771942902164 124.775043682094 90.1038548506036 113.457485301842 80.6543940511469 116.661462825845 112.412894151514
"03/04/2019" 107.66865406532 119.225491290287 120.734739011621 124.214249613439 90.6183803619774 118.764209962748 120.910136926556 122.365559954227 114.061408972864 122.778607724312 123.267267024829 115.963411052457 116.110185793762 122.304816133907 124.804899283169 105.632459204741 118.770720594273 82.1780517574186 124.388974431293 115.33952907459 90.5820262577795 119.900117493453 117.975438206698 151.527271429878 111.190047112571 80.4815051538112 124.701304867032 89.9517138853628 113.786023532996 80.4874574847366 116.763399854584 112.08477983063
"04/04/2019" 107.60700882274 119.048524001889 120.752908387545 124.41336789338 90.9011785400773 118.643844077952 120.977739231979 122.498122620043 114.546325639808 122.987110848774 123.632197846981 116.548280522651 113.192650053834 122.454596861811 125.243739242888 106.018561585254 118.559189327174 82.3473461969071 124.83355442127 115.513913935556 88.4174713994299 116.801378900967 118.572631941801 151.965918178187 111.779940657789 80.6629568153173 125.158618571498 90.3292189929011 113.401824160753 80.6643264444931 116.694233232466 112.558090870133
"05/04/2019" 108.604000801279 117.744194095054 120.530430987473 122.7778011162 90.1130965731067 118.654838934851 119.921513385253 120.751513716596 119.133118246147 120.852377217108 124.446926925278 121.357713619324 118.929400331059 121.347508279839 123.866474991136 105.401140733073 117.852746098468 81.1538830087718 124.152507544611 112.533076259673 87.0462315299077 119.063125452716 122.627476055463 150.255175829258 120.877758590988 80.3519495822257 124.119400155987 91.1658424063978 111.338364884113 79.8048110888458 115.561707165099 120.591563797213
"08/04/2019" 107.616716929155 119.016946962243 120.751417053441 124.452941556242 90.9324727291738 118.587769544742 120.917123666305 122.436589160194 114.508334088038 122.927117463727 123.581032889198 116.604909201218 113.151681644358 122.460131113907 125.242187249944 106.036057644452 118.491339141189 82.3170025851341 124.797239439088 115.477229167718 88.3788535051798 116.754991670119 118.566283430449 151.920144687182 111.754000970583 80.6317065540449 125.142126271062 90.3462642090236 113.335275686173 80.6339776879561 116.624149406976 112.520006626093
"09/04/2019" 107.611654948228 119.078534030738 120.795644688798 124.485413879448 90.9248740362779 118.629547839849 120.931480202911 122.43953368371 114.464868211203 122.910327174049 123.541675694838 116.588793206005 113.101050567132 122.492359820903 125.239990481589 106.028107816623 118.539504435219 82.2931627304221 124.777848516355 115.509104996444 88.3505057270106 116.710486078203 118.53773106822 151.939324932397 111.709229844642 80.6003282639885 125.13265650686 90.3298255603968 113.379680773149 80.6070744749768 116.632329704108 112.468022374639
"10/04/2019" 107.593991101227 119.095825241669 120.870446324169 124.611139143977 91.0699132337644 118.666887555296 121.011692401591 122.538256508223 114.646528465799 123.039828123651 123.71403137691 116.798092043926 113.285759890145 122.594393378295 125.398922245246 106.184793987481 118.554974123447 82.4096485649018 124.938046457602 115.505116927135 88.471349216784 116.885175436884 118.728710446511 152.065223951212 111.901653739819 80.7237167653305 125.292901684601 90.4806936761706 113.382659138777 80.7256864036395 116.705395966413 112.65805129956
"11/04/2019" 107.589749729877 119.076371960577 120.860320803666 124.614215803076 91.0735896584165 118.639928941188 120.983690891612 122.510241435527 114.627003470196 123.013180520307 123.690574077469 116.807268000236 113.266568728696 122.586273646199 125.388121412118 106.182147308885 118.52461481756 82.3951139425844 124.916994666566 115.488720597769 88.4547301968755 116.864079300237 118.717118760971 152.037423678735 111.885320453513 80.709597248951 125.277476429931 90.4793179644513 113.354929178057 80.7114594240294 116.67617970816 112.639409457216
"12/04/2019" 108.639768572122 117.678272795872 120.392650742257 122.811188807157 90.4440936584376 118.51263274572 119.862068065976 120.800127645436 119.247271031127 121.111107002578 124.806713347715 121.460660733141 118.908203334323 121.30310857632 124.202162415513 105.752511606846 117.756763734709 81.4631488334599 124.527329142536 112.533512916544 87.3630084427908 119.341710378923 122.81121559574 150.34277653404 120.465261842238 80.6772777627572 124.478569955036 91.4826692745844 111.291122413542 80.1254838418666 115.486899530109 120.299830737955
"15/04/2019" 107.60093249006 119.091767126087 120.908448056021 124.708748910558 91.1320229698195 118.620305769238 120.948044742159 122.469004224191 114.592988696084 122.964983518923 123.643550308342 116.900626573263 113.224123245828 122.638621734224 125.418818260759 106.22799010921 118.492448672549 82.3692486114195 124.898486551127 115.464769073252 88.4174294774824 116.818400280587 118.729577101523 152.031881305904 111.865397629627 80.6784960904673 125.28718304674 90.5168385355431 113.31530411082 80.6837391879729 116.62392448589 112.600358429785
"16/04/2019" 107.704153669936 119.158930053265 120.952467703121 124.669402146071 91.0311381397545 118.722788109385 121.00969629166 122.50234751394 114.534938092543 122.928180933251 123.551041952343 116.796049362475 113.093938232732 122.669667688668 125.445860476655 106.187414466154 118.591921304041 82.3015499634907 124.926001923551 115.190974837588 88.2991712565933 116.694686093957 118.733501318297 152.203424170594 111.837394628364 80.5743823699552 125.325436154959 90.4590116284596 113.261188786992 80.6041473399902 116.608741502519 112.491051118668
"17/04/2019" 107.569142499245 119.020419487104 120.887600823882 124.749165286195 91.1909192522461 118.537905753074 120.883148204332 122.41359878298 114.599444653612 122.931029792638 123.638544638035 116.994435986529 113.239368194856 122.633870336415 125.427790141997 106.266281149938 118.393036984958 82.3690646807334 124.88296310078 115.414766877631 88.4175347755497 116.823967172759 118.751754905225 151.969327139392 111.881201339809 80.6857685344708 125.28406709025 90.5601682168938 113.227829914559 80.6865946939398 116.561361657623 112.617244410105
"18/04/2019" 107.597897177906 119.11186501883 121.098891539441 121.250147108576 89.1433528458863 118.68444339582 121.126455015509 122.697337333604 115.057904590298 123.277864974208 124.07682379234 114.064308314697 113.696829825481 122.905517566954 125.835043882932 106.649270936815 118.492611355793 82.662171813321 125.303283723716 115.428778606052 88.7187302868366 117.260896576424 119.231470789508 152.337423789608 112.364781180901 80.9906809209036 125.700154136277 90.9236846374584 113.280959452825 80.9828871047865 116.780055231065 113.088926900268
"19/04/2019" 107.603417312143 119.105238870222 121.091355587563 121.184958850113 89.0865097479566 118.68043430698 121.113640096304 122.67780544989 115.02796244604 123.241762214918 124.031222268642 113.999895338045 113.646318696393 122.898316476045 125.832123271057 106.634014844975 118.484539820849 82.6311474421724 125.293851220003 115.338683774764 88.6706292281705 117.209201224223 119.22636230339 152.357607134042 112.347921274475 80.9501248437328 125.697925810928 90.9064468363857 113.235800441946 80.9490211069568 116.743254657593 113.045663108838
"22/04/2019" 30.1004963847109 13.0739934857808 9.98112785522041 6.52374955878282 4.06858428093239 9.45150717081276 8.2935996851934 8.07397369866703 6.96784804111001 7.46260133998598 7.14852109799379 5.82714943590261 6.21127782235336 9.92005665386108 9.61589288845274 7.90429936872345 10.7968056679479 4.32075699462314 8.61877126566248 17.3501422927063 4.25938158602435 6.43998768227316 8.59782251803748 12.4302789069301 7.27098857297192 3.94904444368735 9.27027601524847 6.44536173064022 11.6150050161063 4.11624459650232 7.03179917183941 6.38999693202453
"23/04/2019" 107.527626146474 119.003510009387 121.088340634515 121.072009893603 89.0551532654701 118.517382210085 120.952519647877 122.524661826245 114.95610044177 123.117962448166 123.945573971573 113.964348352882 113.596828024891 122.913739099905 125.816516560317 106.69494871658 118.293197096016 82.5842565037013 125.192634464133 115.28613927692 88.6260089283967 117.14608978123 119.200658411776 152.182415594877 112.289001273744 80.9155602183068 125.639087721964 90.97034036493 113.087359438542 80.9068336285478 116.593613147943 112.993798308586
"24/04/2019" 107.564284772538 119.052727586813 121.16656090717 121.118769464764 89.1082738741058 118.565022414284 121.009999097389 122.586420155822 115.043671497241 123.185741493576 124.026920408744 114.042198433349 113.679206524734 123.002931747 125.920939291481 106.793936734884 118.329485286761 82.6399213694269 125.28364897425 115.299873376003 88.6793680764951 117.225144334724 119.308760219853 152.279733075805 112.385238560133 80.9701002154524 125.738597686628 91.0594532510806 113.108327917416 80.9617247303573 116.638770716902 113.080022784556
"25/04/2019" 107.520653856399 119.111283969208 117.624559557476 121.263478895418 89.2871441939071 118.643937299352 121.140575945431 122.739865523388 115.302293380493 123.377242757893 124.273627674564 114.298228456582 113.940003295465 119.43387783715 126.164593818356 104.025709170655 118.378196966079 82.8076647223129 125.519668506134 115.305169858896 88.8523489067415 117.473277301121 119.588201362382 152.481215062468 112.6595207525 81.1452756702473 125.979727642471 88.8328613051817 113.135799608405 81.1314060291456 116.75655290867 113.348258214641
"26/04/2019" 107.495224913913 119.171781792725 117.774994383449 121.51384111817 89.6074440334395 118.755016156114 121.356293611238 123.001045786015 115.767205435854 123.713680769984 124.715922703706 114.761679505651 114.412128529436 119.649615031684 126.571820875243 104.382668753995 118.436542246291 83.104683976293 125.931312966474 115.30090137564 89.1609611281286 117.920330962492 120.074846715635 152.813587230242 113.151405585085 81.4594099629946 126.390463575063 89.1813296508608 113.158556972094 81.4336009751106 116.95415278449 113.834249541453
"29/04/2019" 108.864418273236 118.039449165035 117.135426294999 119.531585987436 88.6518581730085 118.910007448503 120.337134690841 121.336599440148 120.025862696882 121.772173392487 125.627099941148 118.81786937553 119.666887518617 118.040797418435 124.923433500264 103.418673718385 118.133449157149 82.0058709180283 125.296000064774 112.837871074439 87.9374704956196 120.141130748178 123.610855191302 151.007315845859 121.146429365545 81.2503013750963 125.224444422766 89.6629108876392 111.630777533998 80.6775454311508 115.941184056372 121.011703935457
"30/04/2019" 107.562642444922 119.346979566879 117.74439281895 121.455164192323 89.5137295631704 118.848864273225 121.376803092071 122.99204755663 115.668607498333 123.654984220857 124.611568666297 114.627275551869 114.285787753746 119.597232586271 126.641544701105 104.277318742766 118.527505931892 83.0447696409068 125.905421889322 115.353222546803 89.0783542197413 117.803876726413 120.065332484352 152.894570996233 113.066777248374 81.3766943513468 126.419296262563 89.0754745151484 113.223513129807 81.3646108720836 116.938309840153 113.709849080941
