"VEBONO012020" "VEBONO012021" "VEBONO012023" "VEBONO012025" "VEBONO012029" "VEBONO022022" "VEBONO022024" "VEBONO022025" "VEBONO022034" "VEBONO032027" "VEBONO032031" "VEBONO032034b" "VEBONO032035" "VEBONO042024" "VEBONO042028" "VEBONO042029" "VEBONO052021" "VEBONO052028" "VEBONO052029" "VEBONO062020" "VEBONO062028" "VEBONO062032" "VEBONO072033" "VEBONO082025" "VEBONO082037" "VEBONO092029" "VEBONO102028" "VEBONO102030" "VEBONO112020" "VEBONO112028" "VEBONO122023" "VEBONO122036"
"01/08/2019" 114.00062994412 126.451027230182 145.191972712061 158.481907926612 130.588627896321 135.791547862114 150.80027998969 161.513801479117 160.569005323806 166.335809150229 169.791949412588 158.648956415429 158.558058196601 153.626323728978 165.786356114505 146.514940697709 128.72001774053 123.961432652533 165.837251185129 121.029302611298 130.042977075342 162.415403431265 160.556243378475 187.966634466818 152.850532140642 122.584931594253 166.061349836497 130.725237933298 119.349731419015 122.391796093018 150.194886628546 157.92704692794
"02/08/2019" 114.019034740427 126.47665638476 145.23199934244 158.530001287459 130.62079672849 135.823633302163 150.84397909263 161.565718689328 160.624384385798 166.387819471614 169.850242688607 158.705243118209 158.610818747657 153.671381784542 165.840090304503 146.564641661663 128.750404987596 124.003509458612 165.894263312342 121.050931388019 130.071957100344 162.469038004057 160.612493671447 188.024313124951 152.903231448072 122.627365011868 166.116752878046 130.770992299528 119.373217570739 122.448319561641 150.235058333601 157.982339381064
"05/08/2019" 113.984718191533 126.638791770425 146.049891189709 160.027476795805 131.5730768981 136.289619426374 152.064152713438 163.092799303614 159.233831916891 168.08216228831 170.09522375968 157.268079212336 156.725098025333 154.942549369981 167.326800490273 147.549580324141 128.9919521747 125.0912890326 167.032447728296 121.081647534925 131.198931754568 161.974333758838 159.534594889356 189.835419435908 150.143184647442 123.234423077152 167.441864474974 130.966545983652 119.493879461622 123.34246842967 151.370901662897 155.41826925269
"06/08/2019" 113.999808422376 126.663709028238 146.086918501025 160.07227141125 131.619477577012 136.320576201495 152.106433434535 163.140793835355 159.292524433988 168.135233939839 170.155075520648 157.32653679703 156.781735272838 154.986079077163 167.383536240617 147.600146609626 129.019934668963 125.135766993659 167.074356760185 121.102832611127 131.258761478019 162.032109341428 154.794993430599 189.891646492993 150.195141538015 123.278527365304 162.425853412293 131.022006405276 119.516879500783 123.400785387697 151.410714869068 155.474613038073
"07/08/2019" 114.01765932527 126.688650340663 146.123716373779 160.120931462118 131.665112708811 136.352432077807 152.149070273365 163.18909609305 159.347711304225 168.190523468192 170.205624376927 157.382072843076 156.8369038431 155.029274803722 167.438154433916 147.651180044567 129.043477174031 125.19388966006 167.130565065609 121.124014151642 131.288880760867 162.088352546731 159.647730063529 189.947884827271 150.247880236502 123.323618268288 167.553713107409 131.065431661054 119.539785250423 123.427502745303 151.453544047888 155.530233485824
"08/08/2019" 114.035545491083 126.715883842303 146.160650519577 160.167291207325 131.710182803715 136.383697045792 152.192115531082 163.236704507107 159.404377118416 168.243324251023 170.272644378695 157.436873725481 156.893142794581 155.072672934113 167.493336560115 147.699473602609 129.07072682808 125.224830083374 167.201815405181 121.145127270479 131.337257203379 162.149681074127 159.705384734673 190.004844344279 150.302606030731 123.366079784698 167.610043399887 131.117107253886 119.564168075677 123.47145507247 151.49492128428 155.585488539929
"09/08/2019" 114.053425304551 126.738789132741 146.197684537761 160.213481243935 131.755926002451 136.417051902959 152.234562172841 163.284394179588 159.459571249978 168.296608453975 170.332547889625 157.493075241722 156.949649866813 155.116100509804 167.549353715049 147.752139649326 129.096951768355 125.265022654671 167.245550568737 121.166286516882 131.379069781012 162.207194906544 159.76246087388 190.061301310213 150.356615212731 123.409755143331 167.682194373874 131.153190420003 119.587075421596 123.513497896261 151.536900433711 155.641897217383
"12/08/2019" 114.107039501843 126.813514983102 146.309039889232 160.356322758345 131.893587309804 136.508869154383 152.36212027035 163.428016093664 159.628688890605 168.458064331272 170.507166090716 157.663403280617 157.114501222902 155.246923070784 167.716275500157 147.903948373611 129.177456020563 125.395423601562 167.416919677413 121.229662038988 131.513628398339 162.375147730796 159.933011827636 190.229560610218 150.522355672965 123.539612436886 167.839895742862 131.292265920319 119.654421520964 123.642294134554 151.658948364329 155.806453723975
"13/08/2019" 114.125031345242 126.840438983459 146.346231911192 160.403306789976 131.937872248704 131.642948317867 152.405253675153 163.475614539987 159.686748181473 168.513551974608 170.567495581959 157.717683016044 157.171323678009 155.290576581976 167.772354178599 147.970549665134 129.204155185201 125.437319534008 167.473974016766 121.250746207843 131.562875388086 162.433034479821 159.989504380612 183.739473206315 150.575449980425 123.583961687666 167.893480148013 131.340808530574 119.6773590946 123.68666519254 151.70212233875 155.86315675657
"14/08/2019" 114.143052276841 126.863328733046 146.383420547056 160.449748341731 131.985284793565 136.571263893517 152.444853369575 163.523403489383 159.743781406185 168.566651107634 170.626892702425 157.776009834358 157.227418689717 155.334385242269 167.826566103702 148.021410753899 129.230402193617 125.47896786957 167.529333109956 121.271845248092 131.607023650681 162.49014917109 160.046203646599 190.343082287847 150.629194124452 123.627746173313 167.948892487069 131.38694410727 119.70020927147 123.729833491281 151.741927028903 155.919202964996
"15/08/2019" 114.161155160055 126.889138623474 146.420357444512 160.497773692967 132.031461457713 136.602683402488 152.489564099718 163.571658656533 159.801236247121 168.621097982226 170.685277957177 157.833257503089 157.283146127179 155.377820600689 167.881887789396 148.057043018701 129.257091839452 125.523982940145 167.586603630608 121.292951186835 131.650555727052 162.546740725035 160.101944182637 190.399937718467 150.684192970852 123.670480864496 168.005112264032 131.432946098371 119.723097894102 123.788019476025 151.782845628083 155.974240305269
"16/08/2019" 114.179243553522 126.913024332966 146.457130355314 160.544038846413 132.075986114034 136.633753789815 152.543218275436 163.619306878884 159.857105870188 168.673790887904 170.743679803787 157.887513566034 157.340033178436 155.420988638513 167.938829933309 148.107793890853 129.284084198014 125.565821756908 167.658270356563 121.314039156632 131.694797441627 162.60466841134 160.15981332188 190.457072124749 150.739084668691 123.713965413137 168.061585372139 131.479408845923 119.745866275749 123.830883060463 151.826518071194 156.029237602812
"19/08/2019" 114.234705126482 126.987674453972 146.567987136304 160.684630208639 132.212282804717 136.727674549628 152.658331547466 163.762962887318 160.027191762459 168.834680624513 170.913877743692 158.054116707915 157.505998393249 155.55154542369 168.105208280292 148.276144341005 129.363798332889 125.695103341319 167.82903562455 121.377269274928 131.829134387172 162.773638873701 160.331999607467 190.62531604439 150.900411203818 123.84412145602 168.246976003079 131.620390833657 119.814407907774 123.959587631099 151.949569582722 156.195719707823
"20/08/2019" 114.252881281352 127.012327869369 146.605107521995 160.734866128445 132.258144820558 136.762469292619 152.702145881607 163.810169759877 160.081231957908 168.890375531507 170.981906443754 158.111057340142 157.563180519057 155.595541972494 168.162183915299 148.310921182737 124.430620818153 125.73824805625 162.814278103667 121.398357300466 131.874969087138 162.831864829775 160.389441692339 190.681864562029 150.956198043874 123.889239384931 168.288895284739 131.665191916446 119.837179824037 123.987123003954 151.991513859588 156.253619998178
"21/08/2019" 114.270708829066 127.037902863006 146.641742492807 160.776757936772 132.303796526541 136.79024141007 152.744557282994 163.859402831581 160.136061825009 168.944160501478 171.03956124953 158.166521223819 157.619702070865 155.638646290944 168.218197806695 148.363527390784 129.417293434302 125.780820603133 167.94279987088 121.419385391446 131.920277485526 162.889293922111 160.445140066514 190.737826216924 151.009947293322 123.931519562936 168.347170274352 131.713642559976 119.860060597713 124.029585881181 152.033379660795 156.308052387902
"22/08/2019" 114.288159220726 127.061787530148 146.679073552279 160.824231982521 132.34917979279 136.823708151506 152.787429116092 163.906823936078 160.192929506081 168.997595982499 171.098574146001 158.223061002411 157.675209110569 155.68273056949 168.288704307924 148.429546356191 129.44370810979 125.823192510296 167.999931974384 121.440418777294 131.963948365866 162.945844517597 160.500633380868 190.794470051996 151.064704696082 123.976025470063 168.398850629555 131.761661948364 119.882802053277 124.073534532489 152.073663735511 156.363948412549
"23/08/2019" 114.306256102922 127.086552720603 146.715946777443 160.870434422383 132.394875324678 136.852412620451 152.83007024409 163.953950395769 160.249061975195 169.052491438605 171.15648795722 158.279870122762 157.730675675003 155.725931864504 168.330566674982 148.46898483849 129.470592604971 125.867223763202 168.058347229993 121.461273624374 132.00956277522 163.00234694305 160.55972415891 190.851691402248 151.119544292159 124.018734750311 168.457853269588 131.806835172883 119.905599638424 124.115244578483 152.115620720973 156.418388852269
"26/08/2019" 114.358857352892 127.161054201668 146.817677964846 161.010567358871 132.531666149456 136.945955387747 152.954493692459 164.09810353346 160.421245129034 169.213727364836 171.333539593369 158.445601353899 157.898572290805 155.85608053342 168.497446876038 148.615551934296 129.552798732794 125.996212340313 168.228917374139 121.524231381244 132.144738020238 163.173191796578 160.730375722766 191.035472496941 151.282784676998 124.148878244488 168.640850593246 131.945220207868 119.974569718187 124.24910124174 152.249282734333 156.585210392049
"27/08/2019" 114.376594304353 127.185578582036 146.854899068192 161.07173498094 132.578147602997 136.977083186628 147.977984131879 164.145765369199 160.476439137373 169.26587516406 171.394846758274 158.502726688375 157.95695659229 155.899038574593 168.551618869478 148.666360725685 129.580016297924 126.039484624418 168.271501858299 121.545218967084 132.20131960732 163.232618897921 160.789868503635 191.077019812215 146.740739040509 124.193696748896 168.684166010223 131.992544296282 115.72483082158 124.288712391049 152.278987644725 156.64248723189
"28/08/2019" 114.394366745925 127.210533146548 146.892816619603 161.118800004952 132.623660519135 137.008108441607 153.039888092561 164.193423047431 160.532301160908 169.318946059559 171.44572199533 158.55912047275 158.011854119879 155.943076395023 168.610059202058 148.717407448083 129.606595739109 126.082367757706 168.32824341146 121.566126757619 132.236272012626 163.288474285613 160.846377262092 191.132908913078 151.391143190146 124.237470404965 168.740413125284 132.038760254628 120.019511683389 124.331761630539 152.331932914301 156.698749362481
"29/08/2019" 114.412138726639 127.23511583083 146.930043551346 161.152885236235 132.668352497142 137.03921965669 153.084522638617 164.24163366835 160.589438432226 169.37398234301 171.514218687198 158.615144501594 158.068222936765 155.986123569577 168.665497148409 148.768451044433 129.630494751577 126.125318508031 168.384317004094 121.586934326168 132.29583532608 163.34582520728 160.902134916141 191.188463819814 151.446365298401 124.281654330204 168.796203515071 132.085614709528 120.04284230882 124.373933306252 152.373678776738 156.755429057604
"30/08/2019" 114.429858157594 127.259770847045 146.967430042339 161.199392027301 132.716160370345 137.070199649815 153.127652570821 164.289513080715 160.646467545516 169.427033923318 171.563928851473 158.672334133661 158.123128119635 156.027898423239 168.719440018703 148.818342675835 129.656489531147 126.168817215319 168.442409862751 121.607862560923 132.329692886702 163.401660808342 160.959322729712 191.244816663824 151.501033718152 124.325609178177 168.867593981976 132.132702052764 120.065009610838 124.418210159461 152.414834931704 156.810540844378
