"VEBONO012020" "VEBONO012021" "VEBONO012023" "VEBONO012025" "VEBONO012029" "VEBONO022022" "VEBONO022024" "VEBONO022025" "VEBONO022034" "VEBONO032027" "VEBONO032031" "VEBONO032034b" "VEBONO032035" "VEBONO042024" "VEBONO042028" "VEBONO042029" "VEBONO052021" "VEBONO052028" "VEBONO052029" "VEBONO062020" "VEBONO062028" "VEBONO062032" "VEBONO072033" "VEBONO082025" "VEBONO082037" "VEBONO092029" "VEBONO102028" "VEBONO102030" "VEBONO112020" "VEBONO112028" "VEBONO122023" "VEBONO122036"
"01/02/2019" 107.68387405723 118.884311664618 120.076324206944 123.185052361689 89.7575782845128 118.571707414696 120.706386174784 124.52286803785 115.643874853947 124.70864902544 125.017397346228 114.738707758836 114.248013111403 121.553952127259 124.021230583599 104.791481495096 118.705874264319 83.1267282451697 123.88057632348 117.561881015658 89.3127146401897 118.020579025509 117.221987431403 151.038802515772 110.63313760333 81.3508125906829 124.030502835683 89.1918057368844 113.756899446577 81.3753724431508 118.69821986136 113.538851978519
"04/02/2019" 111.315254068263 116.337656918081 119.261047185949 121.834506345008 89.4323156824417 117.239607519518 118.854993573657 123.632539900024 120.595211803183 123.816982003301 126.89219204955 119.372630264188 120.071175558822 120.306565324619 122.974811489952 104.56263489302 116.409050017835 82.6450456379418 123.143272273748 114.952135358392 88.7574547642503 121.034810752247 120.80124879534 149.104507723055 117.90021299743 81.7326384467999 123.176567466469 90.2203217217317 110.011946850375 81.2286534797578 118.016504196092 121.180692207522
"05/02/2019" 107.683822990887 118.814512951197 120.026904462701 123.157941806425 89.7642339944436 118.505526436726 120.660192440974 124.56487425226 115.705587250456 124.729844820467 125.047265979399 114.758037637588 114.27985064986 121.516917422547 124.010492125188 104.793247109487 118.631110415201 83.1690838112683 123.870934776607 117.564023454081 89.3245782153477 118.045958385006 117.231468676033 150.992597743038 110.648126266725 81.3726607764136 124.020510651112 89.201825356469 113.690355442668 81.4086331770415 118.692739298448 113.581321897306
"06/02/2019" 111.329629838892 116.333382180097 119.237441852653 121.83914912726 89.5163617382534 117.218554977351 118.842781936663 123.640119731912 120.728058421369 123.872010730797 127.015469212113 119.505492981763 120.20252094924 120.297000341877 123.053807160364 104.654487794455 116.398655071725 82.7183901162153 123.241702464059 114.960391165434 88.8332412151893 121.164534983275 120.935221511759 149.120610549847 118.017932211247 81.8229854277247 123.265557756798 90.3240227757157 110.01090937045 81.3092445675837 118.001800505369 121.304271200571
"07/02/2019" 107.546379677548 118.629006533257 120.075561862723 123.400615874883 90.228883220032 118.458117360554 120.854864691513 124.82408795889 116.386408512801 125.134725711954 125.663306972082 115.445113887129 114.977703167562 121.696917417198 124.505158956539 105.299258367843 118.493852722943 83.602899203588 124.44230428566 117.390109466895 89.763604115758 118.688529500502 117.927702165589 151.308346158306 111.41245611673 81.8378787187652 124.550721192194 89.7235486071865 113.537846301222 81.8526403509498 118.830685034496 114.3043796945
"08/02/2019" 107.669527941624 118.841500519894 120.183437322293 123.419497445262 90.0842778794119 118.594644117584 120.857697789995 124.90026524438 116.210595333581 125.108304321354 125.515115717566 115.21961546394 114.761350603656 121.738585320711 124.378238421225 105.148175435465 118.669819430901 83.4985451341365 124.25673499458 117.593156379254 89.6415150717855 118.506345932713 117.681039080814 151.296983595949 111.108286728367 81.6971175249902 124.398658357992 89.5453364631577 113.692643212045 81.7336597055194 118.931199089151 114.082675956133
"11/02/2019" 107.619418515171 118.744427608755 120.076754651719 123.311763569101 90.0128559805739 118.491530605247 120.75760603528 124.845888666556 116.145265801283 125.021619972209 125.421034587197 115.124221823902 114.671582627605 121.631301296273 124.271577687197 105.061113011852 118.570300968541 83.463520224446 124.155014061089 117.572811177643 89.5743202481067 118.412902337578 117.583613904781 151.159906987169 111.022039477952 81.6400399841362 124.293184278536 89.4732984007659 113.620961464354 81.688987230709 118.847607982617 113.99894423393
"12/02/2019" 107.515714079336 118.646811378035 120.043521223706 123.332423778264 90.1141851727096 118.434168557518 120.771239324179 124.880703286832 116.301180569521 125.090934166893 125.5500296428 115.27779426134 114.828325160106 121.635248885397 124.36649285806 105.167614671388 118.488335172108 83.5648485036506 124.275420039315 117.489065081872 89.6686257127509 118.552023389845 117.740933255062 151.19063366398 111.204697058723 81.7455010945806 124.399371733239 89.591119971236 113.544062227254 81.7911223650571 118.842829355314 114.163908460903
"13/02/2019" 107.631910587083 118.744180373771 120.097589710105 123.350411115044 90.053202632793 118.494143502204 120.769104677448 124.943153725801 116.24549425868 125.10056196529 125.50238042712 115.186343209124 114.74576899498 121.660485298313 124.315143164838 105.104785151597 118.564104854542 83.5299778974388 124.191964738817 117.599172499772 89.6203962630749 118.485028340464 117.634013013699 151.19168745602 111.067142562241 81.6898205479174 124.334735152639 89.5146751330974 113.603847427899 81.7478514076258 118.905835160143 114.081671002073
"14/02/2019" 107.635048847837 118.713362705096 120.075958629504 123.338935609951 90.0611431847287 118.467933635048 120.756071217638 124.954034612365 116.271720275886 125.106115911118 125.515606340283 115.200566907667 114.762960746054 121.645510898048 124.316335017503 105.111160508929 118.534334424501 83.5495470018071 124.198001290099 117.598005124184 89.628727210486 118.498580504273 117.647587576485 151.176593236392 111.086723413161 81.7022846461733 124.337890909157 89.5252379857802 113.581095820174 81.7639703222437 118.897947783099 114.102482441006
"15/02/2019" 107.624759562366 118.724013207801 120.078311012585 123.333713020539 90.0376135592716 118.467942997651 120.738127787043 124.982732156029 116.262975369397 125.110293535956 125.501206042031 115.167897856137 114.736855721074 121.640410107536 124.289876955578 105.08484781712 118.537055418183 83.5451272949148 124.159803465516 117.616733998352 89.6113078426559 118.476303548291 117.606376598857 151.157875885383 111.035775781773 81.6850234785206 124.306682587527 89.4968117667522 113.577526366639 81.7542051767536 118.915136735416 114.079272788535
"18/02/2019" 107.45540340255 118.405256675132 119.856769505629 123.200686530823 90.102311351696 118.217416236896 120.619623252735 124.911969094616 116.40103090517 125.069313778423 125.561368596518 115.286650972863 114.860448292673 121.482857802831 124.295495158526 105.137299001341 118.249692999097 83.6420436194012 124.224162049064 117.413391328944 89.6637614182741 118.562851134147 117.737640493793 151.013397878859 111.232956039392 81.7697459787284 124.336511814836 89.5920567422717 113.337221291718 81.843353857523 118.751468890398 114.220649609386
"19/02/2019" 107.555839748477 118.563048564936 119.973686518764 123.284474161037 90.0931201859758 118.339237510099 120.68261479722 125.042396866498 116.411792980585 125.147635129628 125.58388876842 115.260240867675 114.842893584579 121.572667617718 124.312558871118 105.133702666505 118.38680216475 83.6565598606839 124.210194277384 117.573680527752 89.6672138553539 118.562479648996 117.697344538624 151.093292727824 111.159576917966 81.761869182359 124.340711648595 89.567133879538 113.457559575452 81.848365294508 118.87839827322 114.203364511108
"20/02/2019" 107.738455362232 118.396064576438 119.785234603698 123.085678348106 89.9378468695621 118.158837168433 120.495376837052 124.872155701653 116.227547889141 124.950934083866 125.375658587639 115.061505731159 114.646010215102 121.378403237353 124.10638355307 104.955103792383 118.213805964047 83.5284464533026 124.005918698755 117.51710963017 89.5140437776577 118.361360790923 117.496696314697 150.85775263541 110.970833960648 81.6218019814444 124.134626929968 89.4119063639151 113.309908635848 81.7154369481564 118.69719197137 114.009300271082
"21/02/2019" 107.589744017091 118.570753675771 119.973658870753 123.280833530415 90.0745987392251 118.333978238288 120.662482275445 125.11333373798 116.434164626415 125.172230288584 125.585951753615 115.235072380316 114.829311838863 121.566866429316 124.288503316292 105.111514019665 118.384024414555 83.6785914672709 124.174523187869 117.630643058445 89.6578314270633 118.552147995071 117.660898758047 151.072010130942 111.114360104486 81.755272479924 124.311799066993 89.5434695851988 113.454776950628 81.8574733200262 118.911394946695 114.197081513311
"22/02/2019" 107.610516627582 118.543815914402 119.948883317883 123.26037511423 90.0654633093112 118.306400351944 120.639177419693 125.130243703669 116.445413148255 125.169741709529 125.581336725291 115.224960795134 114.823855461456 121.544269742609 124.270632248776 105.09898146703 118.355515248619 83.6903357288239 124.157591108342 117.641454529051 89.6512982501521 118.545007033448 117.6480818797 151.043129734742 111.104411456806 81.7528560985019 124.294168747603 89.5346589285964 113.432782650937 81.8625057482482 118.903976594501 114.195954298735
"25/02/2019" 107.565354822226 118.503813570469 119.903763273873 123.215187155306 90.0261369968801 118.255252354427 120.578608640287 125.212871882726 116.468886384207 125.175605884497 125.560619224367 115.171716097288 114.787632621982 121.495323409779 124.208819887263 105.048881521928 118.305975768713 83.7231849819614 124.087366097525 117.682345943939 89.6245643232347 118.509572150409 117.5814582117 150.964808159964 111.035151171199 81.7351034663606 124.228408227152 89.490128243484 113.394188246474 81.8719127225447 118.914467680557 114.172693721243
"26/02/2019" 107.515133441516 118.436397275 119.850352873178 123.1754883922 90.0241144299223 118.197906582362 120.542131692942 125.221820167722 116.494135873697 125.163989435416 125.558538294793 115.172803137077 114.792999098274 121.451446378819 124.189592312486 105.041257444632 118.243462219231 83.7488391955355 124.078171810727 117.655676824462 89.6232952392123 118.508719009153 117.583159244368 150.915187783709 111.049426248411 81.7419277568643 124.213011526068 89.4920129802595 113.345085823246 81.8880345514925 118.884332705204 114.184349920172
"27/02/2019" 107.57823155747 118.511262321199 119.924979161489 123.234450785763 89.9696381713194 118.231932312487 120.492628504766 125.310633782032 116.489717727697 125.242057130051 125.581178567131 115.119157717298 114.767687223001 121.501359085493 124.153138191141 104.990883843488 118.273023278849 83.7010073110742 123.966026320845 117.644898085176 89.591246373853 118.500370799447 117.476352213356 150.930573804424 110.874249182142 81.7026011375205 124.148916960612 89.4202963015501 113.27929878346 81.849356877402 118.999914023806 114.164698595076
"28/02/2019" 107.537248490906 118.405722506588 119.811069480986 123.133265022876 89.9838172708735 118.156005440234 120.490165766626 125.284398397405 116.501435606595 125.159760931571 125.530030419676 115.118387411796 114.75142029239 121.407426580705 124.13152157464 104.992052621689 118.204613601013 83.7681239194765 124.013297275559 117.700756543787 89.5928923873885 118.468389630768 117.518944791908 150.847939534611 110.982998312376 81.7185309161817 124.151667316417 89.4472399385861 113.31614512854 81.8871863454363 118.887247138517 114.15269952155
