"TIF012024" "TIF012026" "TIF012037" "TIF022021" "TIF022029" "TIF022030" "TIF022032" "TIF032022" "TIF032028" "TIF032029" "TIF032031" "TIF032032" "TIF032033" "TIF042023" "TIF052028" "TIF052034" "TIF052036" "TIF082028" "TIF092034" "TIF092035" "TIF112019" "TIF112020" "TIF112027" "TIF112029" "TIF122028" "TIF122029"
"03/06/2019" 131.752760833382 128.323560806428 118.878606009826 123.436577514359 132.326119087995 137.471856696156 130.646109238739 128.972367558487 132.055645930623 135.632621754321 133.003601157275 134.789392486652 130.439630273701 129.47323556351 133.663917040682 124.200084229307 123.42883487431 85.6223704965066 126.142618509147 124.059056011579 107.464829284213 121.939917537058 128.758792509713 85.4494222318431 94.3566999922652 94.4867493600918
"04/06/2019" 131.843220035528 128.434033337787 118.850046166696 123.385864196253 132.39510314176 137.525559549779 130.668819706471 128.945965803506 132.13731474055 135.701509436352 133.038966438005 134.811297464867 130.448772003304 129.526677976649 133.745097996923 124.195394053703 123.406193961677 85.6749478230138 126.133714785471 124.040699135741 107.402796764152 121.903394137698 128.846491529428 85.4818925978034 94.4072351859248 94.5208800727217
"05/06/2019" 131.836214383981 128.426463929311 118.813279700779 123.379282533604 132.374786100204 137.502208921933 130.640898017577 128.925751467291 132.120518192953 135.681950008956 133.012035489906 134.780798108019 130.41746002905 129.51481376295 133.729277837789 124.16178364497 123.37081443583 85.6610171618639 126.099236515992 124.004807344243 107.357301658406 121.904173553742 128.831520600508 85.4639747000796 94.3915674215821 94.5016193839565
"06/06/2019" 133.336707138708 129.740104218048 118.279573041746 123.817213621903 133.091157426147 138.016680261722 127.119127594044 125.960593018885 133.009728177088 136.391515050279 133.29812617783 134.898439136151 130.360100234979 130.91090361004 130.774745418542 123.926293802679 122.903281448115 86.0907379120853 125.819463838598 123.605503083231 107.292816264927 122.228277643511 129.792340042143 85.6645365612534 94.8160799235886 94.7377738229169
"07/06/2019" 132.012422408145 128.621123717223 118.640177473109 123.275092761861 132.453686421783 137.540262353591 130.599613292934 128.895267542529 132.235615589576 135.761380042293 133.003924161415 134.735179466882 130.340316775404 129.628751612111 133.841719786989 124.04861739956 123.212550057272 85.719945336737 125.976157170158 123.857445359622 107.284885565929 121.819734770616 128.962384164811 85.4729858992087 94.4429539637221 94.5113437247209
"10/06/2019" 132.232038537319 128.836633545365 118.319720236126 123.22174054925 132.497756094186 137.525622365512 130.471263105024 128.921599149207 132.333378853508 135.807757306251 132.922300995883 134.596938836529 130.15828614967 129.790350703835 133.937012746587 123.813813824497 122.914264513799 85.7479832785396 125.727169613232 123.573328276162 107.143929323111 121.782392229496 129.08291530846 85.4311095652586 94.459280116421 94.4682886055549
"11/06/2019" 131.986008075637 128.608307039559 118.5211756361 123.266493182118 132.408187949937 137.487474722164 130.527272443039 128.834530269895 132.202129565884 135.722025013026 132.935037259337 134.651062910417 130.252096389278 129.584464176183 133.815438372104 123.946740841771 123.10290919832 85.6925201900676 125.871320775909 123.745012724086 107.081017186174 121.836540965254 128.933191944574 85.4307494513483 94.4112626730225 94.4656405803527
"12/06/2019" 131.95250373113 128.612758854059 118.600662522034 123.222482790608 132.449286829197 137.539653508897 130.592595961713 128.770824110572 132.234886727338 135.765559938786 132.993335416662 134.715542447341 130.321670026494 129.535730339731 133.8522729585 124.019343057236 123.183129237102 85.7311722661745 125.945659926976 123.822187497018 107.047336142687 121.80471382851 128.961294115217 85.4766762895153 94.4525698458522 94.5129207014173
"13/06/2019" 132.272987259519 129.056251227081 119.132548735582 123.184925022322 132.980163917114 134.179119957446 131.14021402042 128.853462853469 132.745357023204 132.424665486001 133.541618065075 135.278714898001 130.874611076767 129.772467949844 134.369701804073 124.563959689546 120.348305531265 86.1269265082793 126.491891166011 124.365113823886 106.987867666241 121.76854503659 129.459324621309 85.8746424206502 94.8705997094524 94.9357880548762
"14/06/2019" 132.43001704527 129.023087059869 117.966477961016 123.143189710777 132.50330940212 137.475658546973 130.310042279107 128.929831448406 132.395650218941 135.820113772477 132.803716631363 134.419952593783 129.941276228682 129.932124580387 134.001257836126 123.542520264347 122.586060369624 85.7489235380973 125.442963101433 123.254874597005 106.962347042284 121.724571287446 129.168021323089 85.3614228116684 94.4479826792253 94.3961299342886
"17/06/2019" 132.111200078492 128.785511318594 118.328049038881 123.118805642468 132.480680922726 137.532267644234 130.493269225458 128.736668012346 132.313571044232 135.809184797663 132.925380381916 134.597003740498 130.171739371607 129.632341846609 133.939928055978 123.818347177605 122.938079459625 85.7577208745496 125.734938017324 123.58119601517 106.808789669261 121.730825342906 129.056524501801 85.4436357590579 94.471039236082 94.4790955254775
"18/06/2019" 132.123577866092 128.852416968938 118.366415541429 122.968491955639 132.552931720379 137.605207738075 130.556930669983 128.623881746898 132.388095818799 135.885287315516 132.990606850337 134.657380647017 130.228648129268 129.602251511207 134.019157848779 123.867046078294 122.982546938583 85.8235358136209 125.782848180186 123.624881152062 106.792471433365 121.601702569515 129.130584814078 85.5015067230463 94.5372316420762 94.5384868071751
"19/06/2019" 132.173279015456 128.883951797741 118.232392288836 123.011852513344 132.530019547891 137.566346038299 130.484206727615 128.673640589798 132.382820694595 135.865407732216 132.930906780801 134.578961594714 130.138230345798 129.651408187333 134.014788129505 123.758870881865 122.857003130382 85.8020365540332 125.671128310109 123.502184425642 106.730229895584 121.642681696275 129.131506407837 85.460265715598 94.5125246118401 94.4962116157708
"20/06/2019" 132.061712336631 128.825109786771 118.603326402822 123.023410471568 132.624855821695 137.71743270265 130.722596835878 128.620639431723 132.433133131085 135.966024002868 133.128423457013 134.820634121321 126.78931240626 129.548205435672 134.076723592412 124.068482480606 123.219317908051 85.8824970848072 125.992729819409 123.848892493196 106.677094412024 121.661876789289 129.160227729604 85.592917344539 94.6079983374633 94.6356441342292
"21/06/2019" 132.107313626983 128.766788353527 118.258501231346 123.147955427352 132.43549846082 137.495829025251 130.452400304162 128.751361715644 132.278690260442 135.778849569114 132.877531678626 134.539891098497 130.119381462152 129.630154665351 133.919173749776 123.752820889314 122.882267343171 85.7242805728954 125.672080127619 123.51515673351 106.61276603734 121.770378946024 129.020759726882 85.404444184001 94.4395049661498 94.4399959902041
"24/06/2019" 131.707730944594 128.513496975265 118.739442240553 123.035672729914 132.459669230523 137.61890673998 130.725792191135 128.442421550447 132.230739587956 135.819617973615 133.077628740746 134.806234634105 130.448660514076 129.228000927741 133.897614711012 124.132927631754 123.354364688205 85.7823252411882 126.072985080317 123.956255220028 106.494784201933 121.70275231718 128.934604405703 85.5492821294007 94.5161685458 94.5873693181218
"25/06/2019" 131.363696293631 128.308629057466 118.961166700112 123.131648521994 132.430150020224 137.621583426992 130.803485947666 128.3143801634 132.161091377468 135.777575969014 133.13844107592 134.909097298956 130.573521058634 128.896690230822 133.810294300995 124.29812944819 123.550740581734 85.7900116272848 126.249996708471 124.156870827321 106.452137158623 121.701261032282 128.844685700468 85.6062005644811 94.5267118466232 94.6414775443846
"26/06/2019" 131.461665741245 128.376982100046 118.847674262316 123.085147378117 132.424766691627 137.613124623233 130.766464590365 128.234818363289 132.175382830122 135.788770568735 133.099543830344 134.847953549553 130.509150113013 128.956124896048 133.845102561188 124.209124583213 123.458055616581 85.7806754174757 126.15756866779 124.0532632842 106.412280002538 121.77339799022 128.865564191572 85.574364656188 94.5173844975821 94.6103091122156
"27/06/2019" 131.521148100073 128.495116071789 119.232927731059 123.062011083213 132.663223081265 137.897482315265 131.09807038138 128.279157535472 132.382287831629 136.03901792362 129.653125725751 135.177891813417 130.857386351775 129.007281549119 134.070432471942 124.567052414667 123.848527012995 85.9623112111784 126.523187036978 124.430185536385 106.348672711605 121.757977394605 129.054252502068 85.786022034543 92.4051623080893 94.8353484243014
"28/06/2019" 131.51695043341 128.421798620304 118.830263381524 123.005301551544 132.443611241508 137.634945145318 130.777945459344 128.238103097562 132.203475916828 135.816688768594 133.111021140072 134.852052911433 130.512042787058 129.001781737305 133.880182210776 124.20008505579 123.45049263452 85.7957350191281 126.150263052145 124.041693480582 106.316395737426 121.68871554141 128.893496368117 85.581477993972 94.5345740918156 94.6196216888394
