"TIF012024" "TIF012026" "TIF012037" "TIF022021" "TIF022029" "TIF022030" "TIF022032" "TIF032022" "TIF032028" "TIF032029" "TIF032031" "TIF032032" "TIF032033" "TIF042023" "TIF052028" "TIF052034" "TIF052036" "TIF082028" "TIF092034" "TIF092035" "TIF112019" "TIF112020" "TIF112027" "TIF112029" "TIF122028" "TIF122029"
"01/04/2019" 133.479271576533 130.016796841134 119.857694445832 125.079337052231 133.945329092294 135.156479334475 128.340867665487 126.065322149069 133.725435378005 133.399047301585 130.731357420183 136.217323760609 128.111502213181 130.956128963045 131.490732624102 125.35105550142 121.102760172142 86.2300259834462 127.307913466317 125.147021494529 110.299596427667 124.042733695698 130.37847687483 86.0561061398138 92.8494847940478 95.2766677444923
"02/04/2019" 133.502298088706 130.036877251089 119.864669628027 125.030639926419 133.958913884261 135.166185198222 128.349480771097 126.082289886501 133.741320325184 133.409757632802 130.736633325353 136.2290797269 128.116469564177 130.980164614626 131.503682722469 125.358957297477 121.106728146096 86.2396129264826 127.316881232227 125.156285967035 110.249604774863 123.95769742129 130.395417880878 86.0648079933158 92.8552762296951 95.2858185018716
"03/04/2019" 133.616776721802 130.1052963757 119.808157399858 125.043587759525 133.97548676148 135.165383077692 128.325878493872 126.224556748366 133.76919840543 133.421940916293 130.717542833768 136.206718596641 128.079390851353 131.111449883134 131.528360218332 125.317535384962 121.049000822547 86.2385602488334 127.272000362435 125.106914130975 110.201873593464 123.901324605371 130.432311943722 86.0512094349081 92.8483975366726 95.2723592021149
"04/04/2019" 133.379497369432 129.965202308631 119.938957013049 125.01842049327 133.941061144003 135.174422067142 128.38473111606 125.899036080383 133.728931022671 133.401577979129 130.773917514332 136.280317799768 128.173488551734 130.835463723972 131.477533916704 125.415130630146 121.187082210495 86.2504042321284 127.395369298857 125.232745814881 110.109405247539 124.051891786504 130.351076638582 86.0897840816113 92.8784398877355 95.3224541370234
"05/04/2019" 133.616491136752 130.086314894543 119.740901503877 125.020798740728 133.931138965933 135.113626083579 128.267835589652 126.233457039147 133.734515080723 133.375895276159 130.660398618717 136.151551514262 128.016168519005 131.118594922783 131.487935937274 125.253835070048 120.980413519533 86.2048321512649 127.210994900612 125.043639664708 110.154246951639 123.85890871729 130.397772501189 86.0130099683531 92.8098557708077 95.2337454354641
"08/04/2019" 133.544830556879 130.073476505304 119.880094443258 124.987549432988 133.978058685151 135.180957994676 128.3643980407 126.098547012201 133.779492018629 133.425097163272 130.747574524104 136.264828438447 128.127628050485 131.022889957525 131.521289525745 125.374241783163 121.117482764082 86.257567716014 127.348999728653 125.184613731181 109.98927306646 123.871958743899 130.419651471715 86.0822583424389 92.8679276435755 95.312856698891
"09/04/2019" 133.515300784017 130.063336580313 119.921865137515 124.981177031101 133.986973449731 135.197214458237 128.390979065641 126.045079190726 133.790169126266 133.435136606297 130.77140350836 136.299133086412 128.159791202137 130.985052420158 131.525731678189 125.409185675268 121.158743073841 86.2707100189209 127.3921976213 125.228124799545 109.947365707423 123.888800982715 130.420023515933 86.1012518505604 92.8831331235151 95.3363557402903
"10/04/2019" 133.465558962804 130.033459391311 119.948420619481 124.977642108479 133.97476777209 135.194028354906 128.399840507709 125.966259332047 133.784923705734 133.425313970198 130.778800425418 136.319788011453 128.176111830851 130.926437457416 131.509410989416 125.42744754876 121.185658325016 86.2714507006329 127.423866014591 125.258568797322 109.868473838471 123.92402595228 130.398622045103 86.1084093749128 92.8866166517006 95.3501816413351
"11/04/2019" 130.887818467859 131.331509235716 120.674177397047 125.233702239596 135.122946459631 136.287228912876 129.341678089813 127.391370920425 131.115900817757 134.559769680271 131.768913274308 133.458235599923 129.066444812139 128.443521447826 132.678369292657 126.265759680912 121.928882556918 87.0054924954513 124.715166687206 126.023417890889 109.868912329479 123.754999045806 131.596259249313 86.7755480253671 93.6522151135474 93.6834157055841
"12/04/2019" 130.752178885404 131.265633509061 120.79151516356 125.265173668406 135.13180887918 136.317653526626 129.40749309272 127.249541489897 131.108694353403 134.570070536824 131.820627126447 133.527829058875 129.147571196468 128.288880192752 132.671807161924 126.359961498715 122.042140582788 87.0277843690442 124.816229148566 126.1343774787 109.785534218831 123.831312552676 131.577084543637 86.8183118636977 93.6780432503014 93.7272847357833
"15/04/2019" 130.920217009799 131.351095721263 120.634205916641 125.203633106248 135.113614705854 136.270659088445 129.315656456279 127.428119623467 131.110973790869 134.549332373586 131.746327132246 133.430326749317 129.035429261108 128.482388468833 132.673466857379 126.231884769195 121.888948191413 86.9990178244589 124.678660559724 125.990174275417 109.663642687192 123.695013237123 131.597011446467 86.7625848255226 93.642646485463 93.6679996736182
"16/04/2019" 130.932369270377 131.367814033518 120.652188452798 125.149882262188 135.131395275854 136.288589424781 129.333722457525 127.42247518486 131.127150713638 134.566768963117 131.763909875636 133.447988005767 129.053368658011 128.49155238376 132.690654188819 126.250141256552 121.906667043624 87.0141651470474 124.695946944824 126.008970848667 109.635646171879 123.62958656852 131.614352099735 86.7774251959783 93.6575798868659 93.6825342178079
"17/04/2019" 131.082080890315 131.443590162658 120.516123879265 125.056250103924 135.118082127831 136.25050029858 129.255820634448 127.553271625018 131.133371652344 134.551825347945 131.702213165498 133.366256117678 128.958122200207 128.658127837138 132.695202727918 126.140061226815 121.775054642182 86.9918486834062 124.578837367743 125.88241491519 109.594080914459 123.480498900421 131.634025934083 86.7307942834113 93.6300877869865 93.6340001488868
"18/04/2019" 131.097319931355 127.85304154133 121.037799189479 125.144591778355 135.448081531292 136.628063458499 129.691775618644 127.500010593157 131.420398950851 134.883821018172 132.113917816743 133.817828675132 129.424935485348 128.624401315134 132.988173163398 126.627412828269 122.291913809411 87.2507870265698 125.076054646217 122.95941800781 109.525184760927 123.602520364837 131.897351537808 87.0288955493107 93.9093717913041 93.9486070460681
"19/04/2019" 129.985287503365 127.251966955906 121.661466485512 125.112268983298 135.282521135429 136.621623861212 129.939135380032 126.129332931763 131.203584129203 134.740108421282 132.283011018005 134.133125367276 129.795173770892 127.356213429159 132.724077192249 127.076846338496 122.893981706072 87.2731021289525 125.625073764363 123.595325521562 109.190840102813 124.099896568504 131.547262226591 87.1933343867833 93.9604912271637 94.1384579449817
"22/04/2019" 125.950348188788 127.345578435588 134.322484971614 114.796650874909 140.418033716465 143.179409245675 138.800024468863 118.207886872142 134.95785212697 139.912229061617 140.090313740434 143.13647449192 139.706396839068 121.791707842902 136.792321860596 137.992825204903 135.191856521233 92.1346111762073 136.770883138618 135.442789925572 106.288354467167 113.5134923187 134.790315274284 93.2767310241035 99.0999885874381 100.328483725295
"23/04/2019" 131.349102750337 128.003414958053 120.900104059416 125.008198313702 135.482715400931 136.628853536777 129.636372320091 127.713756553359 131.479895063075 134.915545961671 132.081079152911 133.758365324307 129.345421814534 128.896731162466 133.046076388121 126.527156411211 122.160069532477 87.2607507266876 124.965243804884 122.8324968313 109.285699944324 123.369468298409 131.976806843047 87.0047446564048 93.9130569375002 93.9229056037612
"24/04/2019" 129.658275162119 127.239945235854 122.451476100037 124.382995931542 135.607957306314 137.03872692981 130.504646782673 125.48299969545 131.445738776344 135.066021679604 132.785750008819 134.717662344605 130.425853689958 126.909784922004 132.975978037368 127.767400922979 123.659488809668 87.5998322231709 126.336985896287 124.350119511699 109.261302671159 123.387117223481 131.756829692326 87.6038486741592 94.3018285369697 94.5524754783234
"25/04/2019" 125.936566720366 127.296304320845 134.153648633926 114.840862128233 140.322766066601 143.069045986956 138.669209816465 118.22957137768 134.874311995264 139.815957038521 139.968074729344 143.000432855662 139.563861583211 121.791486672205 136.707660133098 137.841638399509 135.025852638044 92.0578985140544 136.615066973282 135.279395319138 106.355940679112 113.561205947213 134.71477478954 93.1885654918573 99.0172369246051 100.234916785109
"26/04/2019" 125.348551132501 126.505493805726 132.676130118041 114.621454946396 139.224452496786 141.876169977588 137.381606868989 117.870540803297 133.862888219172 138.714120346848 138.722311695706 141.666256476278 138.208111416076 121.295810943607 135.682655033923 136.445541972824 133.560101175559 91.2583222549962 135.198418457339 133.82668654839 106.301863178818 113.366583172341 133.748373976079 92.321249310498 98.1559740509044 99.3090351487877
"29/04/2019" 131.25837148984 127.981193776208 121.053399729543 124.871418620497 135.538292758087 136.702786810394 129.742978534345 127.580660383056 131.513695994105 134.970230445861 132.172153606747 133.864622205383 129.46420228057 128.783855462849 133.085688627622 126.660109398565 122.307369848736 87.3229086264715 125.09878688717 122.974172169687 109.044170148611 123.221199246294 132.007638524708 87.084507187426 93.975783433451 93.9998971703728
"30/04/2019" 131.329627936695 128.026079016917 121.019779159099 124.819667999826 135.5518760545 136.707391133157 129.732105462091 127.63131274253 131.534121464376 134.983167843989 132.167589578319 133.852882920607 129.446888696975 128.858526638224 133.105605689523 126.63690580961 122.275614060816 87.3286557728566 125.072872526495 122.943800122831 109.018954304154 123.146194565491 132.033023917658 87.0808411803557 93.9801489003323 93.9962422542855
