"TIF012024" "TIF012026" "TIF012037" "TIF022021" "TIF022029" "TIF022030" "TIF022032" "TIF032022" "TIF032028" "TIF032029" "TIF032031" "TIF032032" "TIF032033" "TIF042023" "TIF052028" "TIF052034" "TIF052036" "TIF082028" "TIF092034" "TIF092035" "TIF112019" "TIF112020" "TIF112027" "TIF112029" "TIF122028" "TIF122029"
"01/10/2019" 154.253690603713 166.433533898949 154.969350136985 124.059864948916 179.901533368804 182.374040623181 173.117355512755 135.568162911684 173.904858618489 179.380540927028 176.913809508733 178.567406746933 171.815618966761 146.025683431234 175.83920021639 166.373575520083 157.820971615033 121.690609224066 164.248127947265 163.509052622584 105.535913302602 121.03815534247 173.198220307534 121.379799606667 129.923268158121 130.072227137914
"02/10/2019" 154.273699096663 166.459502888274 155.010412262091 124.067458230966 179.939137241156 182.391137048817 173.161371588117 135.585625946632 173.939510268266 179.419126458292 176.956056944749 178.612955358027 171.856698334566 146.042989114953 175.876457270832 166.418448934697 157.86107404372 121.716926003867 164.291114642286 163.550089008444 105.540216259256 121.045451236533 173.231373204789 121.411326356547 129.953312141636 130.127631568981
"03/10/2019" 154.293089989153 166.488018683713 155.053249428786 124.077315659073 179.974865086716 182.432372963911 173.203598742189 135.593802897085 173.972587611069 179.457378691295 176.997708887308 178.652148426186 171.898837927046 146.056607408513 175.909045911828 166.459066480191 157.903466755487 121.745041183411 164.330508815585 163.593262483208 105.543095122757 121.053105373439 173.263740592037 121.43758868603 129.982963211558 130.15777086727
"04/10/2019" 154.313146210919 166.520008097198 155.091341686999 124.083713842 180.014061070672 182.471252443303 173.244325302064 135.604953481045 174.007071760396 179.49442522131 177.039152940472 178.695194403784 171.944280977707 146.074838720376 175.944773500486 166.504234404626 157.945255764948 121.772079812563 164.373293789146 163.636397194982 105.546675464218 121.060230456689 173.297193084748 121.465923475564 130.011559320148 130.165070588532
"07/10/2019" 154.372325730591 166.601416931464 155.215322453204 124.109130546201 180.124747267466 182.587606555696 173.373538045112 135.640962997986 174.109874259598 179.602552177582 177.16274848497 178.825735083367 172.052140802928 146.123619330986 176.07342267254 166.630454394129 158.066324061695 121.82853560276 164.502737210142 163.762981376826 105.558005519982 121.082819597872 173.394985831482 121.552732776014 130.099606623535 130.260397120879
"08/10/2019" 150.329878126189 166.621112655176 155.257396858557 124.116370502626 180.163162672649 182.627567801696 173.412977560383 135.65527998877 170.332033395223 179.639657414792 177.204831281906 175.056039508142 172.096307554502 142.140841922067 176.107412917802 166.674105653551 158.107451578787 121.855477431456 161.045463983294 163.807471960165 105.561392846155 121.089969433001 173.427959163229 121.582048084267 130.129100755002 127.91402587864
"09/10/2019" 154.412306769636 166.64807257426 155.298261580684 124.124342820656 180.198839492749 182.669760339874 173.45619918658 135.665645237351 174.178840940801 179.678057767155 177.243896966892 178.911558553226 172.138027195125 146.156850859278 176.11863062074 166.713875815281 158.151637469792 121.888271775353 164.587748505606 163.850033566806 105.56417492918 121.097046812304 173.460846199244 121.611122671825 130.158170006163 130.320215044253
"10/10/2019" 154.431471887151 166.674934742495 155.338443968424 124.132337018767 180.237947045388 182.710178852014 173.495684782793 135.679655330594 174.212626888506 179.714947597994 177.284845531637 178.953464045251 172.182016271798 146.173352365448 176.155619608812 166.759158362962 158.19357252119 121.910996358702 164.629368226453 163.889222858345 105.567739588198 121.104815265188 173.493910770449 121.640907158168 130.186359168855 130.350176630514
"11/10/2019" 154.450911998454 166.70188836973 155.378775654128 124.141711048312 180.275523296366 182.748232967669 173.539253987767 135.695534602473 174.246908383127 179.752193812448 177.327213165498 178.996656107358 172.245025947078 146.189675499961 176.212518162288 166.801458887487 158.234611193461 121.936965663293 164.672778953846 163.931592609525 105.571171513542 121.111547225712 173.526395447504 121.66947232494 130.215150704818 130.380785166304
"14/10/2019" 158.6737933295 172.039214636026 158.996311056792 124.499595644026 185.820708763586 188.108901261071 178.09739555054 137.680362880548 179.904851408734 185.274889956067 182.289424669025 183.798665099166 176.609289325846 149.614279215229 181.781359070798 170.856893325384 161.968869887783 126.029831670843 168.711122793935 167.74604366559 104.011593456783 121.180414146943 179.109048827015 125.386891667463 134.47308819201 134.332093366526
"15/10/2019" 158.689861660396 168.315105953617 159.03816022255 124.501999619128 185.831313898296 188.123963175513 178.13875508258 137.68834344163 179.939141237238 185.313160245235 182.330545101753 183.841510752508 176.649733522985 149.624703572905 181.81484929513 170.898173451895 162.010228395553 126.056727571448 168.752316652589 164.351855263612 104.009959027978 121.182618381224 179.140894641544 125.416204280387 134.480302230477 134.363634167994
"16/10/2019" 158.70667805885 172.090336931465 159.074289596993 124.503947199986 185.868123395692 188.188424664508 178.202546136267 137.69621826491 179.951417117601 185.348561050683 182.373598572838 183.886001595073 176.691758498057 149.63739577329 181.849102204804 170.938219983144 162.052095849205 126.0594281897 168.79733937277 167.832466049069 104.007683863204 121.184537043956 179.173845758729 125.446508212809 134.508094823092 134.395316742908
"17/10/2019" 158.725669473093 172.115021718495 159.121927401905 124.50823187228 185.907675705531 188.204779756636 178.224406832077 137.702217514749 179.983211524193 185.388737019288 182.413403440738 183.906868964478 176.738125771004 149.650570164726 181.883448944631 170.985306719786 162.093702411402 126.099549441971 168.838200158762 167.873148892788 104.00654699292 121.18689423132 179.230455651177 125.475898502819 134.53637851483 134.427268590957
"18/10/2019" 158.741191031628 172.139957894587 159.160214803892 124.509863770704 185.968524092305 188.248768704622 178.285183187296 137.709980182273 180.015303706699 185.423896888087 182.454303008068 183.950580361942 176.776320347993 149.662770876732 181.917763243109 171.027750110218 162.134782390988 126.115266144509 168.882227665264 167.914352674343 104.004841983656 121.188855052137 179.26184241133 125.504602145472 134.566576573293 134.458466576826
"21/10/2019" 158.790470088179 172.214686548426 159.280294857452 124.518383491621 186.053120962211 188.366371656555 178.412757156456 137.733852279174 180.118687622423 185.537124640662 182.57788506032 184.081120988678 176.905354332715 149.703065132592 182.021880780911 171.152559088281 162.260142706675 126.198213815248 169.009235201615 168.04543492391 103.999001980166 121.194934299025 179.334745831522 125.593422450423 134.655037211954 134.553763100665
"22/10/2019" 158.806858664191 172.240052281711 159.319811215255 124.521483064167 186.089460131369 188.405454534163 178.453411397783 137.740277340171 180.149778443787 185.573401376806 182.592164287553 184.121870973879 176.949411218385 149.71537698258 182.05661552228 171.193919972906 162.300342399868 126.225455673697 169.050004670714 168.086072658879 103.997883836802 121.19726693019 179.391423032771 125.623811784215 134.683702613733 134.584034940024
"23/10/2019" 158.820322519904 172.265126768349 159.360299706856 124.525317651778 186.125590029149 188.444654073936 178.470844361128 137.75084069865 180.186195593651 185.61029396367 182.63288720689 184.16655717473 176.991439765894 149.72886271879 182.089399680391 171.234509298732 162.341087816336 126.254687006591 169.094021930974 168.130584559034 103.995822786864 121.199293123653 179.424124437892 125.65412521906 134.719812700869 134.616559207414
"24/10/2019" 158.839309098493 172.289568592816 159.400218128931 124.526680687694 186.167871496153 188.485562319422 178.518751528951 137.756369175831 180.218916150404 185.671841668047 182.674020043237 184.230772273643 177.035265106735 149.73912509467 182.126841547837 171.282178392331 162.385054645996 126.305767017206 169.137094072341 168.170815077667 103.994370194986 121.201340441235 179.456772872355 125.683063997468 134.742154801305 134.64688304362
"25/10/2019" 158.864400224115 172.31848150348 159.439774850311 124.52945000365 186.200035609377 188.537246902853 178.558098563231 137.763857084068 180.253270766068 185.683038043678 182.716882690259 184.249683907126 177.078014880257 149.754691279233 182.159287350595 171.321357623355 162.422679309091 126.307505391359 169.177817617995 168.21405073652 103.992560898723 121.203302147398 179.487584911454 125.71296795897 134.773936864547 134.677905859045
"28/10/2019" 158.90444817258 172.410681136032 159.561756139497 124.539206993214 186.311997165484 188.645537638157 178.679956407318 137.785600579594 180.355712061901 185.820708763586 182.839943641365 184.381439697775 177.207189386828 149.792132690407 182.260962143479 171.450157240352 162.549461762326 126.390395559812 169.305657296351 168.339004018136 103.986989707193 121.209474468196 179.584334994257 125.802465537981 134.866562738759 134.773194158173
"29/10/2019" 158.920458767054 172.413225883284 159.604636276917 124.540546603063 186.372799664513 188.687987647782 178.721235462756 137.795665963623 180.389435643848 185.831313898296 182.904092826468 184.424553772814 177.249145520618 149.804634317537 182.293920654191 171.491518773991 162.58961371691 126.418151001589 169.348035985519 168.379105804734 103.985309825389 121.211260220335 179.616669416139 125.831707636561 134.890495963649 134.804648883034
"30/10/2019" 158.936720423284 172.438237534546 159.645399194602 124.544531607692 186.410814380885 188.7231026063 178.762506994924 137.79919949842 180.423159357625 185.868123395692 182.945558526494 184.468398943634 177.292645257368 149.817220488079 182.329093378623 171.533769436976 162.628888968462 126.471124194361 169.391721966728 168.422398275088 103.982680989205 121.21338274756 179.624874853266 125.834990968279 134.921194636936 134.837289320846
"31/10/2019" 158.952402739507 172.464804927191 159.688514244256 124.546494010513 186.422870765818 188.790381917872 178.808005811678 137.808721657583 180.45597989883 185.907675705531 182.987774633772 184.510697940821 177.338260814785 149.829606424412 182.366061238953 171.575294025951 162.67507779096 126.475575795133 169.435173453972 168.464855201608 103.981106358363 121.215400290212 179.656373770316 125.865132121134 134.974781294253 134.867773746277
