"TIF012024" "TIF012026" "TIF012037" "TIF022021" "TIF022029" "TIF022030" "TIF022032" "TIF032022" "TIF032028" "TIF032029" "TIF032031" "TIF032032" "TIF032033" "TIF042023" "TIF052028" "TIF052034" "TIF052036" "TIF082028" "TIF092034" "TIF092035" "TIF112019" "TIF112020" "TIF112027" "TIF112029" "TIF122028" "TIF122029"
"01/03/2019" 158.365038378925 164.968667117159 151.682578679072 126.31612146712 177.043495833383 183.11982784493 173.249323395281 140.929841305173 175.246312073597 180.435615206524 177.301170600082 178.844083142464 171.869563683215 150.567636083553 177.117253752632 162.816492732441 157.855692984629 118.80103364349 164.247961518601 160.037929689948 108.612512609739 123.56915455675 170.831884796928 118.355372098575 129.371151595932 129.425710617114
"04/03/2019" 158.429992223017 165.053383223408 151.804230389049 126.346396611392 177.15737742496 183.242054301311 173.375503331048 140.972924366111 175.352440395905 180.550159947485 177.426067101223 178.974565937386 171.998538743677 150.623498032956 177.224812777909 162.943823744309 157.980004618767 118.883392497741 164.375757634977 160.164142870041 108.628839070205 123.597197131803 170.933579297476 118.443195884342 129.459860789623 129.519583240529
"05/03/2019" 158.451625417182 165.081606574268 151.844785710576 126.356470301213 177.195327477548 183.282787600073 173.417559884822 140.987266733122 175.387804283606 180.588330613417 177.467693469933 179.018056726535 172.041529264559 150.642100401178 177.260653608519 162.986269033302 158.021445603874 118.910839596192 164.418358209274 160.20621720167 108.634264813619 123.606526826627 170.967464971995 118.472466717377 129.489424129714 129.550869630239
"06/03/2019" 158.473249560673 165.109822241321 151.885343401769 126.366534974417 177.233272281354 183.323516461072 173.459614715946 141.001599767978 175.423162052021 180.626495812279 177.509316928708 179.061545767221 172.084519192807 150.660693622173 177.296488340725 163.028715122974 158.062888469043 118.938283761245 164.460959709749 160.248293161805 108.6396823499 123.615847602561 171.001344391208 118.501735661401 129.518984266805 129.582153769137
"07/03/2019" 158.494864649244 165.138030219653 151.925903458977 126.376590628517 177.271211830488 183.364240877661 173.501667818271 141.015923467377 175.458513695498 180.664655538145 177.550937471084 179.10503305311 172.12750852262 150.679277692081 177.332316968826 163.071162008218 158.104333210193 118.965724988752 164.503562131454 160.290370746068 108.645091677793 123.625159457334 171.035217549632 118.531002711671 129.548541196437 129.613435652162
"08/03/2019" 158.516470678654 165.166230504349 151.966465878549 126.38663726103 177.309146119064 183.404960843192 173.54371918565 141.030237828019 175.493859208387 180.70280978509 177.592555090599 179.14851857787 172.170497248196 150.697852607041 177.368139487127 163.113609683927 158.145779823239 118.993163274563 164.54616546944 160.332449950079 108.650492796045 123.634462388678 171.069084441784 118.560267863447 129.578094914153 129.644715274254
"11/03/2019" 158.581234369494 165.250785147481 152.088167274927 126.416723004249 177.422917362552 183.527093966961 173.669862816602 141.073124844422 175.599858907033 180.817239593157 177.717390347339 179.27896452201 172.299459741451 150.753522383656 177.475570326254 163.240957402717 158.270130852891 119.075460440343 164.673980931567 160.458697236774 108.666646880452 123.662317619482 171.170647465783 118.64805188038 129.666736751212 129.738540524322
"12/03/2019" 158.602804119844 165.278954608497 152.128739107422 126.42673352563 177.460830549992 183.567796061779 173.711907182684 141.087401817061 175.635179841078 180.855371865176 177.758996210768 179.322442938886 172.342445992022 150.772060640251 177.511368348382 163.283408189141 158.311584912646 119.102886917888 164.716587885151 160.500782875943 108.672015147646 123.671584834473 171.204489238026 118.677309390751 129.696277576675 129.769811052071
"13/03/2019" 158.624364789832 165.307116351314 152.169313284005 126.436735013047 177.498738447414 183.608493672298 173.753949783058 141.10166943446 175.67049461629 180.893498628654 177.80059911901 179.365919562945 172.385431609321 150.790589722616 177.547160232228 163.325859740441 158.35304082385 119.130310432996 164.759195730244 160.542870112935 108.677375198963 123.680843114729 171.238324716588 118.706564978913 129.72581516793 129.801079293579
"14/03/2019" 158.64591637522 165.335270371021 152.209889801016 126.446727464032 177.536641048921 183.649186791866 173.795990611568 141.115927693328 175.705803227022 180.931619877666 177.8421990656 179.409394387846 172.428416587536 150.809109626897 177.582945972095 163.368312051506 158.394498582408 119.157730981517 164.801804461886 160.584958943358 108.682727033159 123.690092457999 171.27215389599 118.735818640122 129.755349520518 129.832345243785
"15/03/2019" 158.667458871773 165.363416662707 152.250468654793 126.45671087612 177.574538348621 183.689875413837 173.838029662058 141.130176590373 175.741105667626 180.969735606291 177.883796044067 179.452867407246 172.471400920856 150.827620349243 177.618725562288 163.410765117227 158.435958184221 119.185148559304 164.844414075117 160.627049362822 108.688070648995 123.699332862033 171.305976770752 118.765070369634 129.784880629981 129.863608897625
"18/03/2019" 158.732031786073 165.447809120559 152.372219200074 126.486606854394 177.688198377933 183.811914227656 173.964136083806 141.172867077657 175.846975912207 181.084049610612 178.008569106052 179.583275569002 172.600349993301 150.883097386164 177.726027377877 163.538128791186 158.560348008204 119.267383426767 164.972248154696 160.753330111509 108.704052173971 123.727000416255 171.407407512405 118.852813920542 129.87345445504 129.957386030319
"19/03/2019" 158.753537884943 165.475924451081 152.41280736426 126.4965540863 177.726074411463 183.852584792732 174.006167960597 141.18707849449 175.882253615837 181.12214319846 178.05015414734 179.626741302954 172.643331688887 150.901571342268 177.761782312412 163.580584824386 158.601814942037 119.294789080128 165.014861244631 160.795426843179 108.709362904004 123.736205040895 171.441205113817 118.882057875818 129.902972547422 129.988640448061
"20/03/2019" 158.775034873813 165.504032029044 152.453397846876 126.506492267025 177.763945113718 183.893250826959 174.048198028544 141.201280533035 175.917525121109 181.160231236308 178.091736188156 179.670205199676 172.686312710494 150.920036097192 177.797531068782 163.623041586663 158.643283698616 119.322191742012 165.05747519132 160.837525141904 108.714665409506 123.745400715089 171.474996383197 118.911299875672 129.93248737439 130.019892544119
"21/03/2019" 158.796522748452 165.532131849544 152.49399064425 126.516421394121 177.801810478804 183.933912323686 174.090226281492 141.215473189999 175.95279042238 181.198313718236 178.133315222028 179.713667252819 172.729293052299 150.938491647091 177.833273641286 163.665499072896 158.684754273831 119.349591408269 165.100089989793 160.87962500328 108.719959689246 123.754587436602 171.508781315069 118.940539915356 129.961998931485 130.051142313426
"22/03/2019" 158.818001504631 165.560223907674 152.534585752708 126.526341465141 177.83967050083 183.974569276263 174.132252713286 141.22965646209 175.988049514004 181.236390638323 178.174891242484 179.757127456032 172.772272708481 150.956937988118 177.869010024224 163.707957277962 158.726226663573 119.376988074753 165.142705635076 160.921726422904 108.725245741999 123.763765203203 171.542559903955 118.969777990125 129.991507214252 130.082389750919
"25/03/2019" 158.882383020136 165.644453458814 152.656384907822 126.556047317331 177.953218449626 184.096512802567 174.258321020182 141.272149936237 176.093789474566 181.350587968313 178.299601158621 179.887496902573 172.901207505026 151.012221719549 177.976181978656 163.835336154907 158.850654678833 119.459160034074 165.270557602025 161.048039987196 108.74105452609 123.791244751259 171.643857557944 119.057480377471 130.080012372 130.176118021848
"26/03/2019" 163.537186255789 171.159833485332 156.286129658978 127.805809478797 183.423318628277 189.319116985259 178.73878489069 143.967174884602 181.653452621941 186.768998604881 183.125307221452 184.56772032533 177.202943866113 154.978266869453 183.488840372469 167.874206159703 162.547566318644 123.383079292076 169.246515615869 164.872459929139 108.141679133083 124.76648119411 177.227411394533 122.605253339051 134.147836445109 133.964321922007
"27/03/2019" 163.555831145977 171.186760724253 156.326422494489 127.811076817216 183.461272781599 189.359753594278 178.78074085847 143.977145563079 181.688549800901 186.807015650182 183.166902912813 184.611126975488 177.245771611742 154.993334467908 183.524383790576 167.916543566429 162.5886356525 123.411151800256 169.288885121239 164.914254798589 108.142099503553 124.770955901371 177.260997576689 122.635157555562 134.177872133464 133.99608841095
"28/03/2019" 163.574462596417 171.213676430937 156.366716004487 127.816331929588 183.499219200884 189.400383529889 178.82269330669 143.987102996883 181.723637959428 186.845024695823 183.208493750844 184.654529992209 177.288597005002 155.008388651791 183.559918254946 167.958880120956 162.629705129472 123.439219944265 169.331253848064 164.956049586486 108.142509328512 124.775418614394 177.294574478906 122.665058891949 134.20790310365 134.027851457567
"29/03/2019" 163.593080602097 171.240580598676 156.407010184744 127.821574814403 183.53715787813 189.441006784042 178.864642228296 143.997047183207 181.758717089719 186.883025733812 183.25007972795 184.697929368193 177.331420039318 155.023429416966 183.595443757749 168.001215817502 162.670774744959 123.467283718207 169.373621790755 164.997844287838 108.142908607839 124.77986933189 177.328142093547 122.69495734245 134.237929349467 134.059611055746
