"TIF012024" "TIF012026" "TIF012037" "TIF022021" "TIF022029" "TIF022030" "TIF022032" "TIF032022" "TIF032028" "TIF032029" "TIF032031" "TIF032032" "TIF032033" "TIF042023" "TIF052028" "TIF052034" "TIF052036" "TIF082028" "TIF092034" "TIF092035" "TIF112019" "TIF112020" "TIF112027" "TIF112029" "TIF122028" "TIF122029"
"01/04/2019" 163.64885390051 171.321223801166 156.527896704783 127.837230088443 183.650927377594 189.562836377244 178.990467762865 144.026800229297 181.86390023314 186.996980721928 183.37480841775 184.828105578728 177.459874922834 155.068471158933 183.701966418462 168.128217701416 162.793984376482 123.551448760662 169.500720858106 165.123227822703 108.14404317088 124.793149498386 177.428789135642 122.784635320969 134.327979678718 134.154869098502
"02/04/2019" 163.667418077098 171.348081746078 156.568193523781 127.842424047986 183.688835006648 189.603432825058 179.032402507445 144.036691397716 181.898943172457 187.034949649375 183.416374875186 184.87149031876 177.502688455598 155.083458207982 183.737455996708 168.170549908192 162.835054499996 123.579494995365 169.543085608337 165.165022127947 108.144400266544 124.797552220962 177.462319523613 122.814522170257 134.357986965069 134.186614841776
"03/04/2019" 163.685968783916 171.374928118533 156.608490991885 127.847605772467 183.72673485365 189.64402255116 179.074333690123 144.04656930468 181.933977044529 187.072910529205 183.457936433709 184.914871381547 177.545499596524 155.098431817694 183.772936574246 168.212881228059 162.876124739003 123.607536830515 169.585449546466 165.206816321676 108.144746816023 124.801942941622 177.495840585831 122.844406104822 134.387989496053 134.218357106034
"04/04/2019" 163.704506015971 171.401762911834 156.64878910486 127.852775260397 183.764626910595 189.6846055475 179.116261303837 144.056433947405 181.969001841556 187.110863353427 183.499493085719 184.958248759784 177.588308339032 155.113391983951 183.808408143251 168.255211655225 162.917195088895 123.635574260214 169.627812666895 165.248610398892 108.145082819217 124.806321659099 177.529352314662 122.874287118894 134.417987265471 134.250095885158
"05/04/2019" 163.723029768274 171.428586119287 156.689087858473 127.857932510289 183.802511169483 189.725181806025 179.158185341525 144.066285323109 182.004017555739 187.148808114051 183.541044823616 185.001622446165 177.631114676539 155.128338702642 183.843870695897 168.2975411839 162.958265545063 123.663607278563 169.670174964026 165.290404354596 108.145408276026 124.810688372127 177.562854702476 122.904165206702 134.447980267123 134.28183117303
"08/04/2019" 163.778520096823 171.50898615965 156.809987920768 127.873330816914 183.916117077792 189.846870074198 179.283935927802 144.095759820348 182.109010123251 187.262593934417 183.665670476615 185.131721281096 177.759519193225 155.173098132242 183.950204177448 168.424524321043 163.081477505126 123.747679806525 169.797256859625 165.41578544263 108.146321367209 124.823716471934 177.663305743514 122.993781854835 134.537930603465 134.377016027937
"09/04/2019" 163.796989880288 171.535762956813 156.85028919456 127.878439099851 183.95397006444 189.887419300949 179.32584559075 144.105558100236 182.143989428089 187.300506360737 183.707202482043 185.175080126972 177.80231584489 155.18799101961 183.985630586427 168.466850197814 163.122548340294 123.775695120488 169.839615807552 165.457578862275 108.146604637559 124.828035154596 177.696770690963 123.023648179873 134.567904472038 134.408737289603
"10/04/2019" 163.815446159103 171.56252813469 156.890591087799 127.883535137367 183.991815213027 189.927961749626 179.367751642348 144.115343099253 182.178959611102 187.338410683506 183.748729535346 185.218435244447 177.84511005863 155.202870438901 184.021047939933 168.509175147116 163.163619258679 123.803705993607 169.881973904168 165.499372135395 108.146877361079 124.832341826541 177.730226259252 123.053511549784 134.597873541838 134.440455029414
"11/04/2019" 163.833888928298 171.589281686598 156.930893596246 127.888618927994 184.029652515552 189.968497412178 179.40965407553 144.125114814642 182.213920664497 187.376306894736 183.790251628922 185.26178662621 177.887901827855 155.217736386022 184.056456230147 168.551499163153 163.204690255667 123.831712419982 169.924331143868 165.541165256986 108.14713953769 124.836636486524 177.763672440755 123.083371958795 134.627837806663 134.472169241249
"12/04/2019" 163.852318182906 171.616023605859 156.971196715657 127.893690470272 184.067481964017 190.00902628055 179.451552883226 144.134873243646 182.248872580481 187.414194986437 183.831768755167 185.305134264946 177.930691145974 155.232588856885 184.091855449248 168.593822240121 163.245761326641 123.859714393712 169.966687521044 165.58295822204 108.147391167315 124.840919133304 177.797109227849 123.113229401128 134.657797260311 134.503879918984
"15/04/2019" 163.90752480959 171.696179500994 157.092109697251 127.908831592424 184.180923105052 190.13057204007 179.577227482699 144.164068784847 182.353673426049 187.527810464488 183.956290253878 185.435154649854 178.059044327786 155.277065371092 184.197998601697 168.7207857786 163.368974937308 123.943693540039 170.093751421335 165.708336127891 108.148082773551 124.853694982078 177.897363146437 123.202783870301 134.747646692166 134.598990686351
"16/04/2019" 163.925899956248 171.722874822913 157.132415218086 127.913854126741 184.218721057282 190.1710736512 179.619111717746 144.173774040828 182.388588714477 187.565665998194 183.997787434757 185.478487243336 178.101823775562 155.291863896106 184.23336145817 168.763105041268 163.410046258047 123.97167764419 170.136104292315 165.750128416702 108.148292214525 124.857929563712 177.930762279664 123.232629388156 134.77758683908 134.630687166443
"17/04/2019" 163.944261563536 171.74955847882 157.172721328663 127.918864405444 184.256511115457 190.211568427886 179.66099229195 144.1834659967 182.423494826541 187.603513372434 184.039279610279 185.521816057213 178.144600739267 155.306648924471 184.268715204444 168.805423335847 163.451117629677 123.999657266196 170.178456272716 165.791920523923 108.148491108176 124.862152125993 177.964151980373 123.262471910445 134.807522143802 134.66238008181
"18/04/2019" 163.962609626504 171.776230462049 157.213028024733 127.923862427093 184.294293271579 190.252056362075 179.702869198236 144.19314464973 182.458391754455 187.64135257922 184.080766772838 185.565141084164 178.187375212302 155.321420452119 184.304059832705 168.847740656528 163.492189047576 124.027632400153 170.220807356922 165.833712444539 108.148679454445 124.866362667701 177.997532240946 123.292311431387 134.83745260013 134.694069426325
"19/04/2019" 163.98094414021 171.802890765934 157.253335302048 127.928848190248 184.332067517651 190.292537445714 179.744742429528 144.202809997187 182.493279490431 187.679183610566 184.122248914827 185.608462316871 178.230147188069 155.336178474986 184.339395335139 168.890056997501 163.53326050712 124.055603040161 170.263157539316 165.875504173537 108.148857253278 124.870561187619 178.030903053765 123.322147945202 134.86737820186 134.72575519386
"22/04/2019" 164.035866336363 171.88280153492 157.37426057896 127.94373191442 184.445342715595 190.41393951279 179.870340002673 144.231726178872 182.597887468877 187.792627572109 184.246665141277 185.738403176308 178.358448065768 155.380371474302 184.445347009346 169.017000084056 163.656475089373 124.139487937472 170.390202619452 166.000878160642 108.14932736465 124.883084604516 178.130958729539 123.411639386061 134.957125817422 134.820790973296
"23/04/2019" 164.054146603644 171.909415054832 157.414570138748 127.948668629285 184.483085241496 190.454393113688 179.912198463217 144.241338276807 182.63273835925 187.830425821841 184.28812712489 185.781709158816 178.40120998646 155.395075437466 184.480645930345 169.059312448073 163.697546669243 124.167440542665 170.432549138415 166.042669072986 108.149462973246 124.887235025176 178.164291675188 123.441463813542 134.98703193872 134.852462371619
"24/04/2019" 164.072413296993 171.936016862111 157.454880258522 127.953593078516 184.520819817365 190.494839823765 179.954053213375 144.250937055571 182.667580018764 187.868215856209 184.329584049883 185.825011310466 178.443969376877 155.409765875578 184.515935686458 169.101623803314 163.738618267626 124.195388624398 170.474894727467 166.084459768617 108.149588034176 124.891373418013 178.197615135011 123.47128520498 135.016933174398 134.884130162313
"25/04/2019" 164.090666411484 171.962606950106 157.495190934028 127.958505260693 184.558546435205 190.535279634968 179.995904246066 144.260522512457 182.702412439636 187.905997667228 184.371035908644 185.868309623932 178.486726230413 155.424442784594 184.551216269876 169.143934143962 163.779689879892 124.223332176769 170.517239380986 166.126250242513 108.149702547404 124.895499781832 178.230929101397 123.50110355459 135.046829518253 134.915794339248
"26/04/2019" 164.108905942197 171.989185312168 157.535502161011 127.963405174404 184.59626508702 190.575712539241 180.037751554208 144.270094644758 182.737235614086 187.943771246914 184.41248269356 185.91160409189 178.529480540461 155.439106160473 184.586487672791 169.186243464196 163.82076150141 124.251271193875 170.55958309335 166.168040489649 108.149806512895 124.89961411544 178.264233566735 123.530918856585 135.076720964078 134.947454896293
"29/04/2019" 164.163542982501 172.068849976293 157.656439108244 127.978031290644 184.709373166373 190.696969729937 180.163271060505 144.298731067164 182.841649581104 188.057042518152 184.536792529111 186.041464349455 178.657728143602 155.483015048941 184.692246720441 169.313165244211 163.943976375157 124.335060974572 170.686608527258 166.293409820256 108.150055122664 124.911884923123 178.364089880377 123.620346419011 135.166365851329 135.042414786762
"30/04/2019" 164.181728128953 172.095381368171 157.696752498555 127.982882116413 184.747059874145 190.737374925945 180.20510339961 144.308249874152 182.876435692073 188.094783092684 184.578218942514 186.084743362115 178.700472213615 155.49762425194 184.727481323274 169.355470424578 163.985047987358 124.362981791585 170.728948418744 166.335199110102 108.150116896937 124.915951124028 178.397356265443 123.650149472672 135.196237642985 135.07406080292
