"VEBONO012020" "VEBONO012021" "VEBONO012023" "VEBONO012025" "VEBONO012029" "VEBONO022022" "VEBONO022024" "VEBONO022025" "VEBONO022034" "VEBONO032027" "VEBONO032031" "VEBONO032034b" "VEBONO032035" "VEBONO042024" "VEBONO042028" "VEBONO042029" "VEBONO052021" "VEBONO052028" "VEBONO052029" "VEBONO062020" "VEBONO062028" "VEBONO062032" "VEBONO072033" "VEBONO082025" "VEBONO082037" "VEBONO092029" "VEBONO102028" "VEBONO102030" "VEBONO112020" "VEBONO112028" "VEBONO122023" "VEBONO122036"
"01/05/2019" 107.565507518229 119.364503419909 117.718584887707 121.429848828894 89.4929183610296 118.851689939928 121.369704983552 122.980896034057 115.653129752259 123.637051680687 124.590328812153 114.601948268628 114.26376304593 119.570835750298 126.658847902885 104.252813277827 118.525793643372 83.0326625431395 125.901334677729 115.337617745802 89.0597534554672 117.781404294599 120.071913112766 152.904803820194 113.057721782981 81.3605901345466 126.427754224607 89.0539718738236 113.212717805953 81.3510652502043 116.921297586189 113.689807209149
"02/05/2019" 107.532530619092 119.366725538144 117.760410525879 121.53782287675 89.6711688295395 118.864161009681 121.44575825713 123.086845536396 115.909772398638 123.797224368603 124.826968267384 114.866014762584 114.530283918504 119.657762308916 123.108273081215 104.449558745605 118.495955811823 83.1940520920652 126.116956366442 115.297491490314 89.2274829697985 118.027789705293 120.359652586239 153.05112964908 113.336336001023 81.5359181221408 126.658224183391 89.2535573298147 113.168353608501 81.517054531776 116.988023491022 113.964918076798
"03/05/2019" 107.535242519626 116.378504870618 118.156143048322 121.717039616883 89.4395388729097 119.508404220004 121.837163708256 123.3609914852 115.574263891017 123.844585638737 124.584381695641 114.440112256222 114.114870446492 119.895575371775 122.945080257636 104.212169526039 119.272623144664 83.0364491433987 126.034483728339 115.769497515035 89.0465593590737 117.70299430881 120.010913013778 153.421364450834 112.934718337014 81.2963587613471 126.559832139247 88.9353137714351 113.889390550342 81.3259879223989 117.343962893568 113.527067705452
"06/05/2019" 107.526882464683 116.280629643137 118.103504875369 121.711209674494 89.5149318043564 119.469900738031 121.819032767366 123.357443211323 115.689066915804 123.875774171097 124.673549330274 114.561330209245 114.235379249168 119.876997209959 123.013388329911 104.29180109867 119.18846410628 83.1070172832312 126.134342820148 115.759809490702 89.1125098114735 117.805421631471 120.208869138341 153.47655756121 113.079124487083 81.3738468844074 126.713418983566 89.0284369086 113.811134542189 81.3985884578454 117.307747625418 113.654199966003
"07/05/2019" 104.211642517369 107.84184272886 115.454566610477 123.941649179134 98.5195062904829 114.332760291825 122.187678781881 126.102765396561 131.561939872592 130.782819614481 137.884963460715 130.334455733578 130.855197476796 120.36875630156 131.614917175152 114.005383372711 111.92826234137 91.3132732184987 136.725656967392 106.69564472511 97.4947265081035 132.110212546898 135.484420104467 156.727038902922 131.242767893273 90.9801799006626 136.225639992764 99.9202809916314 105.255276029856 90.1763625149021 117.284499065717 131.511127549636
"08/05/2019" 107.506626403027 116.299057019206 118.245267861891 121.953038519502 89.8246762302457 119.606698408398 122.048326239576 123.627174546261 116.152516602827 124.211803482197 125.109929993411 115.011332764557 114.697725283567 120.082972416728 123.369600475988 104.636200547706 119.267796338679 83.4029892541592 126.561193111121 115.757001274043 89.4133553351258 118.24351021498 120.720209037548 153.847182835983 113.575896588184 81.6814357008067 127.15380403588 89.3648346336224 113.843647870066 81.6975580067096 117.506575255574 114.132306920295
"09/05/2019" 107.568575410846 116.306805812046 118.391823755141 122.147701738349 89.957113995408 119.794805768572 122.329740062471 123.927907153473 116.450652605545 124.506758802856 125.401018106443 115.218769583439 114.95009216264 120.242622540409 123.527133188135 104.784556905522 119.468612371266 83.5692672572982 126.851944055218 115.412527928278 89.5704985076717 118.49900799377 117.371603594001 154.176718119048 113.868317936167 81.8381369276931 123.528512861883 89.4902681216868 113.857095970449 81.8619457691054 117.758398556947 114.404605530639
"10/05/2019" 109.061037208306 114.856856139925 117.973776204472 120.479392285708 89.2900235223132 119.622731860524 121.255095358518 122.286065861588 120.638433496627 122.700585421383 126.419548238455 119.426565911687 120.233530980297 118.964648753032 122.026303422547 104.150324113024 118.705868210855 82.6168622320641 126.159627509314 113.170750813466 88.5907373229533 120.838583372821 120.745183336164 152.134275037525 121.607058881861 81.8037262544622 122.310944424727 90.2330023941747 112.075513932393 81.2586176790878 116.831290104706 121.50691469167
"13/05/2019" 107.687394395058 116.267890259606 118.459943809724 122.159453419923 89.8431032953452 119.935605194776 122.427486555702 123.995717846753 116.330014854659 124.504014836221 125.30386005536 115.044594839703 114.794437235503 120.26255972374 123.412018439439 104.660302503818 119.600618405367 83.4914540008475 126.7921035093 114.957104945252 89.4813181672457 118.370560534257 117.156945152376 154.246626888407 113.721404264738 81.736284464915 123.384991967302 89.3459914065767 113.766091603401 81.7759422594318 117.847334838856 114.247885069919
"14/05/2019" 108.824912925486 114.207781611915 118.577081560076 122.69525875067 90.5039821899505 119.396395510273 122.863116304012 124.57103015788 117.27165324385 125.229553320638 126.211557606733 115.957154445202 115.744621153639 120.694867025627 124.126868898246 105.371519143184 118.098668876304 84.1260774492309 127.580058223703 112.673415752055 90.1404419212762 119.277287210643 118.019879113366 154.799307422402 114.681981536498 82.3994453891197 124.106242009268 90.0384999236746 111.452172805155 82.4214695569843 118.273536545357 115.2287336103
"15/05/2019" 107.643688510171 116.2100291108 118.401491043505 122.137015492074 89.8809275864281 119.878282272604 122.398487238251 123.980432252958 116.401822354761 124.514720812744 125.355459623308 115.115014042293 114.868175161178 120.228654543458 123.438389143925 104.698715283992 119.536040854993 83.5286093289232 126.842180693871 114.996002814034 89.5144559283929 118.430651818996 117.227755084144 154.250556109872 113.81140853484 81.7796929165396 123.418565083004 89.3962060270712 113.737769491836 81.815698364399 117.80844416762 114.328047550274
"16/05/2019" 107.504247304214 116.421492996653 118.648460514152 122.551024130903 90.4620429171264 116.473240298689 122.727890090187 124.376514089457 117.188613235485 125.046761582185 126.094451820876 115.939799335257 115.683915998647 120.596319814813 124.115541793552 105.347151681848 119.669877697795 84.0550615206493 127.568640606763 115.63037526992 90.0583730297359 119.19592767082 118.101351262245 149.57758593456 114.672462475087 82.3337741899541 124.143366778617 90.0372847738811 114.032546479964 82.3477907352049 118.091252837928 115.161456900601
"17/05/2019" 107.499293814164 116.397912006576 118.620568913372 122.529778263888 90.4630145224248 116.447685805022 122.713074044504 124.359491348303 117.192482160113 125.031527736995 126.08939036108 115.944082966554 115.686895795688 120.574300613989 124.110626076947 105.346700809297 119.653703646682 84.0589185880701 127.582240356298 115.671298646043 90.0569669983248 119.194765812686 118.11081932967 149.560646462664 114.689056594416 82.3359096315992 124.142436776587 90.0420738861093 114.028391491661 82.3505893759794 118.065157372617 115.165852536866
"20/05/2019" 109.188487321125 115.123300898758 118.49048381671 121.229820598057 89.8811029850352 116.394074028745 121.911477218482 123.047946223148 120.644264643066 123.547346935789 126.971011319527 119.413747616711 120.025059908235 119.638353141056 122.848927723892 104.804080567237 119.008234473263 83.2090801492647 126.916493571888 113.362816074586 89.2144070389608 121.161990286495 120.876233293637 147.779113264311 120.872487967713 82.2874380969627 123.106206143776 90.6462020830208 112.315271491874 81.8078361004588 117.453839730207 120.924844640745
"21/05/2019" 109.211664608031 115.185070333779 118.530689401994 121.187722626626 89.775535137784 116.45862314231 121.907014690608 123.000391625609 120.674358066377 123.439371473463 126.886561920971 119.448225232618 120.105648559818 119.627166056363 122.728942607215 104.694520125694 119.074795168757 83.1027854690087 126.798928221645 113.405440943271 89.1060799055 121.121297952245 120.878797770175 147.717802745993 121.079653432408 82.1941316586751 122.985794459989 90.5702289138903 112.371497108987 81.7050461039893 117.456550817146 121.095515317258
"22/05/2019" 107.512050461324 116.394547696101 118.662456616437 122.544783162504 90.3920858978797 116.465331386148 122.798049439621 124.430947454882 117.144493045303 125.057751280558 126.053575184817 115.843232712046 115.607568972718 120.587548701036 124.035645690385 105.268665745239 119.766243995043 84.0191958214558 127.562874790531 115.385776989326 90.0074110183517 119.132964841378 117.96862338813 149.514161165956 114.6205865476 82.2801512798529 124.044003890609 89.9502770610237 114.011894037007 82.3062584756272 118.142793203466 115.090025343681
"23/05/2019" 107.505990811626 117.050542157652 119.265606668516 122.952378522768 90.3891115080706 117.15447810769 123.282097983427 124.831389533035 117.022905060148 125.297253245773 126.057234519704 115.707652435176 115.4568308962 121.055011706179 124.167763261538 105.292916222752 116.808171176887 84.0231184642184 123.825031107791 115.474332280852 90.0340009694302 119.068523105562 117.83431769257 149.956682754912 114.404101257274 82.2322985258049 124.135327407408 89.8734499070665 114.552341929408 82.2864752338356 118.649218759021 114.904751011019
"24/05/2019" 107.547737598816 117.088389228209 119.309219121155 122.960773868565 90.341366540719 117.211093763274 123.308041200237 124.84124137632 116.94507233293 125.277407454438 125.995539319045 115.625439803541 115.373166628082 121.07419821874 124.126508529821 105.242504377051 116.860635908373 83.9812908784546 123.766776177337 115.425184350359 89.9920585614875 118.997858272693 117.749726213719 149.95660269383 114.312711765934 82.1817145096268 124.086473534128 89.8132116307479 114.570243167131 82.2411170382834 118.678621415004 114.816008130117
"27/05/2019" 107.604121815752 117.11086759743 119.531360859588 123.056701571609 90.2230521928024 117.462776291379 123.45351245776 124.931794012757 116.719672420549 125.266188725975 125.835902802536 115.391324064593 115.13158771371 121.209577985286 124.0448834865 105.120322432822 117.013159360674 83.8769133084454 123.6242428181 114.964786929053 89.8938013864879 118.804727357901 117.509531818066 150.028366798225 114.031973522027 82.0471779024104 123.977766730677 89.6485143842014 114.458636129744 82.1241973615297 118.845227612286 114.554420442294
"28/05/2019" 107.585467190741 117.100975840267 119.52012694915 123.052209748331 90.2289584502868 117.448429515993 123.450493362103 124.930978726165 116.733464028097 125.269197022226 125.845604102851 115.403008754033 115.144597246574 121.202633136305 124.048142026986 105.126080521561 117.000108554877 83.8839273359784 123.629214125326 114.963119130111 89.8993732626878 118.815413605778 117.520191732385 150.022658956348 114.049406332293 82.0547586439096 123.981901993458 89.6563867447425 114.455158287137 82.1314950082596 118.839274362745 114.568899855202
"29/05/2019" 107.603481866468 117.081487369386 119.545899231318 123.068256530559 90.2253235324142 117.472177127305 123.471665327686 124.947637501665 116.723169657771 125.27720300088 125.841147326925 115.391122377183 115.132462205779 121.221633797307 124.048947244438 105.122754532812 117.001618560029 83.8816597135253 123.624102085352 114.889746928078 89.8976923461634 118.807545750204 117.507212571573 150.036441048818 114.034409013821 82.0496053165766 123.98018055842 89.648614191646 114.418669242906 82.1279980046549 118.861755844245 114.555224313592
"30/05/2019" 109.411889609151 115.833536302539 119.541023183545 122.010704147369 89.8406792154863 117.38815456341 119.105836665313 123.801004313834 120.858902231711 123.897128458195 127.006254736072 119.639850633844 120.376128320895 120.551914823325 123.036819195626 104.813189854778 116.145840557539 83.1800706541328 123.209030371657 113.801138627946 89.2112050649694 121.228150355624 121.032713356529 148.629333334864 118.297032275415 82.1801794694904 123.23821754762 90.563473413296 109.945207884602 81.7332526154651 118.399178349839 121.552139320665
"31/05/2019" 107.50500444092 117.78921909097 119.936347649428 123.386275707063 90.3578674132956 117.936489833874 120.098532167516 125.282855421648 116.854909783463 125.538272295926 126.018281416869 115.510975915511 115.24225662383 121.5635679379 124.283223592707 105.287937733579 117.611820290417 84.0182666811036 123.849044363456 115.719033881033 90.0373534283647 118.951559910806 117.646842562587 150.432394482593 110.827917395002 82.1528539150653 124.207128564745 89.757001389338 112.21519293376 82.2474126462576 119.209729024261 114.653196262634
