"TIF012024" "TIF012026" "TIF012037" "TIF022021" "TIF022029" "TIF022030" "TIF022032" "TIF032022" "TIF032028" "TIF032029" "TIF032031" "TIF032032" "TIF032033" "TIF042023" "TIF052028" "TIF052034" "TIF052036" "TIF082028" "TIF092034" "TIF092035" "TIF112019" "TIF112020" "TIF112027" "TIF112029" "TIF122028" "TIF122029"
"01/02/2019" 129.562990921473 125.445236499317 116.838714319589 124.340243755472 129.532637399454 134.738905362683 128.144297199821 128.438441280798 129.218776056053 132.839440182578 130.397890079463 132.238356267092 128.020120670254 127.805616718957 130.82378495369 121.912278488467 121.318145214937 83.0406149340874 123.88370796408 121.890017686709 111.901942457034 123.262122690529 125.89911240736 83.1250703406227 91.8053577366406 92.1196692484069
"04/02/2019" 134.98138430203 130.347203708683 116.396606144666 123.980098893382 132.585128761048 137.230603125316 129.456444489471 131.23018097537 132.776464141437 135.876940706564 132.231218742468 133.630271070518 128.90499897121 132.642135127929 134.287374491302 122.293470234522 121.067239397709 85.0373544901571 124.153113409083 121.831620055352 110.659034482698 122.394940132662 129.665789473503 84.4310361315127 93.8151818895843 93.574623530738
"05/02/2019" 132.414899179662 128.739871009778 118.309871516436 124.632882099165 132.468204821435 137.477691609285 130.383436852258 129.465253302028 132.263887612438 135.742071468783 132.864162560825 134.572622600744 130.101482780949 130.05279675825 133.83780720714 123.784855725847 122.869510275852 85.1353288600897 125.691619274455 123.548779355506 111.92234609986 123.576793163424 129.000080619676 84.9452006961473 93.9576857267951 94.0650753337233
"06/02/2019" 131.958592363248 128.521770587041 118.662988526062 124.328694852158 132.496497161769 137.56171382869 130.576602396058 128.906294979465 132.228449646641 135.766035887228 133.009783893142 134.767372271992 130.337251163307 129.522524047544 133.81296468449 124.069539881477 123.203650790353 85.2180898846264 125.982480831488 123.868842375128 111.86333469674 123.356216757944 128.942033301143 85.0856995576729 94.0413409367287 94.1982182463768
"07/02/2019" 134.194479161925 129.618015013484 117.221642492629 125.245817110397 132.461815998843 137.291442639188 129.827885855379 131.463738189062 132.482606340958 135.759056684388 132.467169644842 134.012619605632 129.405005576471 132.096967354749 134.02282986109 122.918258111678 121.850539817677 84.9210650277493 124.811319462703 122.572521782749 111.691024252189 123.794457681887 129.29395749031 84.5311432045666 93.7465584573423 93.6832840129392
"08/02/2019" 132.149881321425 126.87760598264 120.149798628782 125.915910007876 130.965178585182 136.436998670034 130.311658192382 131.422162864072 130.493698477645 134.285365610585 132.331792181707 134.507218790134 130.494844389253 130.793155229567 132.118400687949 124.662681065266 124.518140088713 83.7572006130843 126.736000902764 124.969037400267 111.84367774333 124.468257140036 127.116926227424 84.1020446494447 92.6855200984851 93.241502975412
"11/02/2019" 131.254825662459 127.518474977103 119.019636221319 125.270068824277 131.883485071869 137.134309828702 130.455622823585 129.555519881183 131.501980995457 135.186382221357 132.749480827677 134.636276174282 130.341454527309 129.249950688849 133.11588639687 124.185802277258 123.528530221034 84.7154375860596 126.153950772241 124.132241646401 111.962670318419 124.151833530046 128.143202545307 84.7879951173622 93.5808809964253 93.8999702809233
"12/02/2019" 132.783045986311 128.000051738834 118.668350293465 125.603841969924 131.614592082251 136.792372570731 130.041902308192 131.159353461949 131.358229119436 134.923599555706 132.35451098402 134.227194610142 129.930350664488 131.046278736354 132.947052666139 123.77873198708 123.169290447906 84.2989045460057 125.761063201282 123.757450928486 111.863961261431 124.211290398847 128.061241712737 84.3076746194647 93.1737917512836 93.4444950048411
"13/02/2019" 130.668118894287 126.873023237914 119.119123168533 125.848480030745 131.465486449564 136.789583858225 130.278839921208 129.612995600584 131.009485094022 134.764912751004 132.496045992483 134.449972912482 130.228840551722 128.833585056878 132.636965954777 124.155036752847 123.593572852359 84.4033897686361 126.135754871591 124.166434278661 111.823057994482 124.760776270893 127.626547782042 84.5775054365697 93.2714457084168 93.672913228481
"14/02/2019" 131.815391364039 127.386300026846 119.407878778487 125.37141871876 131.634918783803 136.972236728815 130.47147637434 130.487018628369 131.223049903301 134.950553483523 132.67890620026 134.660243480268 130.45143543128 130.106465016923 132.841661001716 124.385601498924 123.883034052364 84.4110834438514 126.390927090034 124.442484790382 111.867895353261 124.048378204384 127.851748477707 84.5851851031972 93.3102082797519 93.7160606567381
"15/02/2019" 131.632922682694 128.042568195252 119.177977110642 125.386143404153 132.328667473333 137.50500524124 130.738305357253 129.433625458495 131.948214056344 135.59572285616 133.067440064934 134.925949226854 130.586820478264 129.442064736125 133.558756113337 124.42267452328 123.680184459399 85.0551504373482 126.351021410036 124.304268641234 111.378511826179 124.411585339443 128.625071232052 85.0622090401927 93.9036010082396 94.175826833364
"18/02/2019" 133.134909261926 129.10274333033 117.578486199664 125.240197592 132.378794806961 137.263449258063 129.960664044979 130.293300942319 132.284090939342 135.648407074007 132.525768477853 134.134196486091 129.586890139961 130.855668463113 133.84625147417 123.189384071313 122.166665730393 84.9756785902779 125.067808509988 122.869177330251 111.754240734055 124.121593226757 129.076119882919 84.6637279997217 93.7802950619581 93.7846059968121
"19/02/2019" 132.896786079877 128.798201371532 117.977342924339 125.235947752579 132.224470961007 137.206986021993 130.068057492879 130.286476946418 132.083358059476 135.513574760908 132.559435798926 134.246598687633 129.773332668733 130.700814365192 133.654546020326 123.440645240033 122.546068687348 84.855495233482 125.356433127648 123.214442021283 111.925268511006 124.076153057069 128.840494738546 84.636843395612 93.6834821905606 93.7647374498637
"20/02/2019" 132.507210443229 128.540965758306 118.283737834745 124.984968654251 132.170224053751 137.213285731911 130.19202908073 129.879105249224 131.972093564331 135.459753706749 132.63027830651 134.36958236306 129.944375683426 130.28622183309 133.55460067335 123.663569013369 122.833560894942 84.8577499184163 125.590394499274 123.482662127328 111.906941862636 123.879542714867 128.707181311064 84.701904254316 93.6893699348317 93.823570906505
"21/02/2019" 131.845061298493 127.575910857194 119.412611739561 125.009531375507 131.858263980921 137.178377930611 130.616556671124 130.258090442503 131.45472814206 135.174897361037 132.854439498678 134.807756861558 130.566212415645 130.044611906252 133.07289639379 124.461660577542 123.90574988067 84.6137949116479 126.458320505036 124.48198130388 111.750794286341 123.683458300843 128.081962802583 84.7574481610451 93.5110638509519 93.8912181309167
"22/02/2019" 131.336856945428 127.640419037103 119.104436096194 125.402674693882 132.009697407991 137.260864824715 130.568465518969 129.60787180787 131.629820414313 135.315723018648 132.866338567656 134.749542006934 130.448380081271 129.305940709939 133.247388648428 124.283347517536 123.61970634549 84.8059517655953 126.250646685776 124.223976741257 111.937988338766 124.301051484843 128.269959597741 84.8716705344002 93.676511902424 93.9899799488959
"25/02/2019" 130.74645406158 127.178497727691 119.4315402755 125.748800781923 131.863010605701 137.200043874544 130.661637204624 129.490462748494 131.403282525448 135.173022423576 132.890420465643 134.83960370715 130.601520931699 128.805653345212 133.03792165499 124.500709815471 123.923942446536 84.7259716269522 126.484289150038 124.501799706715 111.866918960111 124.674771059989 128.007046747294 84.8874444568368 93.6079978531492 93.9991833996826
"26/02/2019" 130.945658323138 127.371878847886 119.398285307526 125.64642091113 131.973651242797 137.28739727172 130.702159334765 129.495908368879 131.535431093216 135.28310253502 132.951322729707 134.882024120857 130.623988077828 128.954176623522 133.166575151869 124.502613207575 123.89901931775 84.8026395030708 126.481130478161 124.484731553025 111.876407406741 124.577544313244 128.148881607394 84.9345913638756 93.6832759926971 94.0508535157861
"27/02/2019" 131.102709748117 127.567827425322 119.370963409927 125.607930811458 132.103502990508 137.391501244887 130.756528547021 129.462223257598 131.684105389598 135.410864484492 133.026634413001 134.936873727499 130.657445333574 129.045051894811 133.313377026271 124.515092935449 123.88014640922 84.9002344896279 126.485829710729 124.474023102756 111.803959248733 124.563038889491 128.307877378693 85.0000037528181 93.7776961411942 94.1195059675529
"28/02/2019" 132.008681220094 128.786638260563 119.260349612055 123.774733949902 133.008449860621 138.032504011414 131.131874377804 128.590541300698 132.578674598465 136.20486300314 133.457180510556 135.232408950294 130.839900903292 129.443567769654 134.271558546437 124.679441848634 123.760246926922 85.6881416358652 126.477588645045 124.378506652343 109.818306742745 122.966652886773 129.357488248565 85.5430227214877 94.4549952425296 94.6115488514979
