"VEBONO012020" "VEBONO012021" "VEBONO012023" "VEBONO012025" "VEBONO012029" "VEBONO022022" "VEBONO022024" "VEBONO022025" "VEBONO022034" "VEBONO032027" "VEBONO032031" "VEBONO032034b" "VEBONO032035" "VEBONO042024" "VEBONO042028" "VEBONO042029" "VEBONO052021" "VEBONO052028" "VEBONO052029" "VEBONO062020" "VEBONO062028" "VEBONO062032" "VEBONO072033" "VEBONO082025" "VEBONO082037" "VEBONO092029" "VEBONO102028" "VEBONO102030" "VEBONO112020" "VEBONO112028" "VEBONO122023" "VEBONO122036"
"01/11/2019" 104.260129374364 113.545619744682 117.917895108861 119.47030606477 93.23056736267 120.66477170685 121.462016158571 121.810496152107 118.924282230364 121.324070672022 123.578103446376 117.187695085993 118.002133595218 118.325663368004 119.681363233608 105.188489987196 118.916161285927 88.4557548645724 124.413907713265 110.768094200014 92.8570965933466 118.820329394655 122.627810138399 147.28727667879 119.506762285254 87.6482047503578 124.755698329786 94.0712832228273 112.599719224386 87.3092066698418 117.37504377474 118.891883731939
"04/11/2019" 103.082764116597 115.259564949092 117.721802637976 120.658228660502 93.7906568743429 120.50340697845 122.031714045501 123.053714281609 115.868930401471 122.863348024463 122.830163573528 114.076055043936 114.186538522686 119.031504759386 120.870698259982 105.699234070966 119.918295820821 89.2769417764577 124.99683733644 112.310967649035 93.6927701368685 117.066066609435 120.038670005864 148.862914954166 114.124662923474 87.7260481333948 125.677817767501 93.4954596473531 114.569716038873 87.8497605339542 117.786070553363 113.908505926422
"05/11/2019" 103.031307295415 115.245187531879 117.712820836149 120.63793335715 93.7628689849441 120.502504048808 122.017200659645 123.033577469376 115.83038408692 122.834892673943 122.792571648545 114.037014058697 114.146975141191 119.015057698555 120.83902260409 105.668449111961 119.914414074666 89.2520305795479 124.964187738879 112.244414308603 93.6661169043238 117.028079618374 120.002638374836 148.839545559415 114.08554235598 87.6986646911248 125.647874253748 93.4651363657425 114.547760271826 87.8239278290885 117.772071723541 113.868267221221
"06/11/2019" 102.973530864319 115.261250961378 117.757052967684 120.691437443249 93.8154359710517 120.543081305495 122.067999347867 123.088327652063 115.897168624904 122.895423514433 122.860204093845 114.10349860329 114.213597301603 119.065456009358 120.90232569155 105.726671070089 119.943653932822 89.301903418651 125.031091780422 112.196764984935 93.7177559158623 117.094363494009 120.073183761686 148.905718062665 114.153241470313 87.7489115553856 125.715499922541 93.5193727174896 114.554105177757 87.8736018290359 117.820321789487 113.935319006526
"07/11/2019" 102.912809511142 115.251554237538 118.026874196978 121.199465773346 94.4849025609512 120.674759664916 122.479829186632 123.610318406343 116.806228220838 123.584125286031 123.743176305338 115.013933934369 115.134530506141 119.493982747656 121.660693414734 106.462067297822 119.96792949776 89.9236104440608 125.84525735841 112.148537346382 94.3645512933366 117.982618599967 116.191772919965 149.53171939747 115.088649935836 88.4076166190214 121.432862919611 94.2399571724981 114.532989412479 88.5077785181038 118.204172418133 114.872117377782
"08/11/2019" 102.866028566318 115.266565391595 118.050742082556 121.200491726708 94.4596125280042 120.713284355733 122.491752530919 123.611211452228 116.765151196449 123.567915336722 123.707429335244 114.971982775987 115.091307596326 119.502571347204 121.637358081257 106.434877267097 120.001519896818 89.9018354498054 125.818736219183 112.080306133616 94.3415200558642 117.943978567518 116.150843580518 149.532742191744 115.044662839855 88.3806839640651 121.40691839263 94.2091334363083 114.533434984674 88.4838076707428 118.216825400307 114.827111545627
"11/11/2019" 102.705086688285 115.209307484923 118.009989227913 121.182201895745 94.4745019260898 120.670817594021 122.469300971463 123.597535895396 116.794268294662 123.568898443157 123.727824538393 114.999511284983 115.120281178276 119.47713975574 121.645150089957 106.449359162341 119.953022283485 89.9176541249432 125.838787465506 111.938645516057 94.3545159916671 117.96782105567 116.178424061754 149.524667455242 115.080765853908 88.3987380781377 121.418092776899 94.229373376701 114.476284820308 88.5006606849484 118.189481210969 114.858428468837
"12/11/2019" 102.645294195559 115.213981793468 118.01707987569 121.17522758924 94.4535048422355 120.689532108574 122.470104569432 123.591205151376 116.762740872908 123.551717514595 123.698705581694 114.967058246921 115.087102173284 119.474872433581 121.623573351637 106.426424874829 119.970056287916 89.8996903792027 125.816768186005 111.874172454908 94.3349489080325 117.937229435372 116.146678187597 149.518850052105 115.048246145202 88.3772434413041 121.395044005146 94.2050325713427 114.472251287733 88.4812330520057 118.190077647504 114.824279913543
"13/11/2019" 102.593983713849 115.203133395941 118.005010961956 121.162818669221 94.4443426702378 120.68230039381 122.460022450794 123.580292253201 116.752151945781 123.539871204346 123.686654899914 114.955607933569 115.075783923267 119.462653634596 121.611406029971 106.41592156738 119.963242883574 89.8922423271523 125.807584072296 111.827856804051 94.3259446347934 117.925599100886 116.135331576089 149.508984215177 115.039072194221 88.368973400855 121.383049717028 94.1958464842806 114.4607646984 88.4735044150577 118.178726403357 114.813184662012
"14/11/2019" 102.538416940961 115.756691820003 118.893878688729 121.921255400727 94.8725086299408 116.724254023262 123.273995138415 124.333972659831 117.198335440353 124.190853334347 124.215627470931 115.398248447339 115.50684672409 120.262105838931 122.218232178061 106.904819966956 120.75015321489 90.3049697119051 126.386019240581 111.607050144121 94.7657511385236 118.403726477683 116.596376573201 143.834676783736 115.447266877679 88.7444163745732 121.973043687625 94.5861588985806 114.820338405154 88.8655479324255 118.987456421516 115.228578930753
"15/11/2019" 102.485415170073 115.20851106722 118.025983353408 121.180657282779 94.4558920291993 120.714427929654 122.484104083071 123.601470064987 116.765503827688 123.55677572312 123.700384634022 114.966861667507 115.086976559002 119.481553424809 121.626497791196 106.428567113102 119.988487690416 89.9060265792498 125.828828989682 111.719881618877 94.3380482458972 117.937852102154 116.147669176565 149.540022449275 115.054098569055 88.3797817044431 121.398139262222 94.2063560977141 114.455682203365 88.485889773061 118.199295082976 114.824380646589
"18/11/2019" 102.942971678767 106.516181623972 114.446053677412 122.315017297191 101.612487090641 109.57190087365 121.671197240843 125.026726272346 128.530235342718 128.698156938899 133.74600351801 126.77372988154 127.34448959087 119.021693720631 128.390898444814 114.100407466661 111.691273937762 96.3863157300236 133.943772585789 105.859017200923 100.96442810956 128.762831650305 127.687268974958 144.843673312378 128.101474096981 95.9733114799332 128.843894615265 102.797221669407 106.04222677307 95.4270301176057 117.050786953621 127.749959165358
"19/11/2019" 102.272163782041 115.221571587352 118.057817704773 121.175643647608 94.4121243374511 120.790015310858 122.506865896119 123.603562187785 116.699000241942 123.527535658698 123.638929131885 114.894457784403 115.013311403857 119.488744990639 121.583202767648 106.380511464747 120.053748226935 89.873471842425 125.794543719294 111.458988249582 94.2986591870293 117.871296267268 116.077378145066 149.555665628569 114.988019202059 88.3350029310967 121.351137044441 94.153425066816 114.440835539504 88.448157043264 118.216543497075 114.748745608815
"20/11/2019" 102.219421800959 115.248697410492 118.071054399322 121.169079287698 94.38440785064 120.82224731074 122.512161840838 123.598627105895 116.657912061986 123.506903306705 123.601265466732 114.851535405546 114.969547575474 119.488693435608 121.555704022441 106.35052544922 120.090940868671 89.8501629998669 125.767745888044 111.414548870318 94.2730194936028 117.831249611348 116.035225365107 149.5541511742 114.945796008706 88.3065772151625 121.321448393825 94.1210630452806 114.462794311351 88.4226978441248 118.220781142763 114.703714613205
"21/11/2019" 102.155227433588 116.220770845783 119.151796486652 121.785378361929 94.3156021514913 122.145219418031 123.319837589033 124.192067618347 116.363954112942 123.760413427295 123.459818667607 114.551188714846 114.64059513038 120.255600458059 121.667392001607 106.305092029656 116.383106245926 89.807925569984 120.704047675697 111.283008158839 94.2456468132179 117.607220616018 115.760570809565 150.225311740659 114.568656588952 88.1684538200305 121.377375676381 93.941148133074 115.173707752048 88.3355995169468 119.049539583953 114.334937004615
"22/11/2019" 102.1073522403 115.234784988914 118.047518325681 121.153594671859 94.3834039258775 120.812316633003 122.502152677797 123.589800726276 116.663576936405 123.500671124395 123.601287817001 114.853502910794 114.972664176809 119.470605238267 121.54980855823 106.34831463037 120.084513477774 89.8532750637246 125.775913617389 111.322343202578 94.271847585499 117.832292971418 116.037185858538 149.556666413076 114.95740811059 88.3080816961634 121.316952949951 94.1219034593032 114.455292043884 88.4251920081781 118.204413896633 114.708303482192
"25/11/2019" 101.938692509037 115.248432431283 118.029249645302 121.10566880495 94.3140777151262 120.842626780238 122.482406078536 123.551772340347 116.572678242387 123.435483305256 123.510010045064 114.755207714239 114.874214481915 119.43247185989 121.471333610315 106.271450214582 120.125158487373 89.797427640327 125.712908978435 111.150156890118 94.2064987903093 117.738327765605 115.939537269267 149.532301904207 114.870530284686 88.2412091964463 121.235541912228 94.0456055309385 114.467679634624 88.3649245356379 118.176928273989 114.609090030751
"26/11/2019" 101.889517090261 115.229923767253 118.01128795929 121.087631832557 94.3010436443405 120.836158780707 122.470616440451 123.53821032783 116.559275397003 123.419656344101 123.493668241591 114.738977845119 114.858643684988 119.41446202638 121.453556149693 106.256317793914 120.117385280445 89.7883664793205 125.703671318998 111.077216497923 94.1940294259432 117.722273220467 115.923030425146 149.524187085484 114.860343252077 88.2300355366934 121.217925394011 94.0324455150713 114.450382083934 88.3550816770903 118.161491400468 114.594159806833
"27/11/2019" 101.83941162097 115.230779040527 118.004595476685 121.072427483624 94.2801510411507 120.846963097473 122.46558455889 123.527378674374 116.532853702401 123.400235980568 123.466489196112 114.709422989814 114.829293568884 119.402028287671 121.429469279708 106.232997248942 120.129997076156 89.7724662334456 125.686878718233 111.011850032807 94.1744920294177 117.694179973717 115.893519081734 149.5198167564 114.835974590439 88.2102495541505 121.192984502115 94.0094621981365 114.451298583511 88.3376201824079 118.152978870137 114.564787123379
"28/11/2019" 101.771015424105 116.51220292679 119.051273497008 121.690679673905 94.2499543061175 122.15755652603 118.240195420103 124.126588467489 116.310182956725 123.684602023943 123.386889917524 114.480056671609 114.573203473696 120.158207770231 121.583655929978 106.23246886224 121.53288553787 89.7630913286269 125.751880263492 111.422400084969 94.1810425078329 117.535719638591 115.68957166229 150.222519125199 109.940988180444 88.1129128580264 121.296139632464 93.879122801105 111.302931884166 88.2864347160631 118.962317380564 114.272036029909
"29/11/2019" 101.730591540745 115.232322845803 117.995613614118 121.064324160384 94.2763392635982 120.86703038618 122.472554619672 123.530427123441 116.534654435477 123.39796170311 123.463253925471 114.704234925298 114.825554266715 119.393510731658 121.422560284936 106.227828963531 120.151672642411 89.776563641448 125.701537633808 110.894406819781 94.1718077417086 117.690056418348 115.888305681388 149.544660272611 114.845181314377 88.2089601000087 121.186524403162 94.0054726337519 114.460325633129 88.3394469987106 118.149724932526 114.562460813187
