"TIF012024" "TIF012026" "TIF012037" "TIF022021" "TIF022029" "TIF022030" "TIF022032" "TIF032022" "TIF032028" "TIF032029" "TIF032031" "TIF032032" "TIF032033" "TIF042023" "TIF052028" "TIF052034" "TIF052036" "TIF082028" "TIF092034" "TIF092035" "TIF112019" "TIF112020" "TIF112027" "TIF112029" "TIF122028" "TIF122029"
"01/10/2019" 129.967292909546 129.648808753297 127.163313637755 117.095306200867 136.673352949669 138.756934940402 133.460961192522 119.794381562407 135.664053754701 136.157296780045 135.185311714013 141.380346224189 133.846710855895 126.427435165943 133.588421115765 131.682838180788 128.215728070986 90.0159392787796 133.799964718993 132.046975382828 101.948472385626 115.759610557106 131.993541191937 90.4048267888529 96.5753663208856 99.5240902963621
"02/10/2019" 133.783842725954 130.440923919482 119.559649935151 121.408167577656 133.970869965616 135.073284664841 128.235137459204 125.991583858089 133.854457838609 133.408670633323 130.626472059417 136.040688189782 127.923453237326 131.350839303098 131.607227061975 125.14474891196 120.807848038782 87.3498442193727 127.074000365766 124.882700719432 102.117733907204 118.831708606764 130.601156914728 86.8714394483591 93.7006630333971 95.9107626183058
"03/10/2019" 126.849072444976 128.625114557955 132.939304772939 110.945597365734 138.145998945659 140.970130495331 136.985393640532 114.808010175029 136.471395366051 137.64837463019 138.114449390203 144.976990635088 137.954515030783 122.587810922758 134.51651960911 136.387000965529 133.753158084273 91.7409993980772 138.675114525707 137.363685674416 102.382317016793 109.402274773377 132.520094293777 92.7936894621918 98.3900022560337 101.921507371698
"04/10/2019" 133.812298629914 130.456319893009 119.537881346419 121.333688873195 133.968386417797 135.06676955059 128.222515677044 126.012528055153 133.859410927091 133.405981696033 130.616806671834 136.031309429036 127.908223725782 131.383302649101 131.60777872479 125.12700254753 120.786712483021 87.3502954960244 127.05887028526 124.864940256769 102.03067206587 118.717818309869 130.604749498513 86.8672458123695 93.6995912806506 95.9079416757437
"07/10/2019" 134.044436225343 130.617779123676 119.507964662599 121.29373500668 134.050970540341 135.129866459348 128.247256221988 126.235532252696 133.966067907365 133.487573720925 130.658678516316 136.065097899416 127.919292073313 131.63406990905 131.704329942112 125.122479454574 120.762001889859 87.3977369553447 127.056561952054 124.850818156105 101.900190357055 118.582955361104 130.713628498524 86.89285243044 93.7474251416257 95.9419563308632
"08/10/2019" 134.009683176942 130.596110023779 119.522099308343 121.275760990129 134.042633729345 135.125505172684 128.250581406016 126.205132487234 133.956699323261 133.479365376184 130.658834796151 136.070745755202 127.925473552475 131.597303342342 131.693022518327 125.131660511302 120.774982329877 87.3968264562678 127.068885586802 124.864447336678 101.849184185339 118.555133577749 130.700330750461 86.8959123845632 93.7462440828211 95.9455317637246
"09/10/2019" 134.046750437369 130.598919935213 119.4384005421 121.255955523752 134.004978899784 135.077501664756 128.187870230893 126.256401412122 133.931299533499 133.441194525401 130.60253635117 136.008980325509 127.856039214852 131.646503012917 131.663176803814 125.056792350578 120.692613422514 87.3653069424041 126.994636513725 124.785739354494 101.808158363569 118.505630189534 130.677326834223 86.8549876093564 93.7115190981722 95.9043198670471
"10/10/2019" 131.845482639109 132.094355796514 119.878629509052 121.41897909952 135.12170619254 136.098048165581 128.966518208823 127.830114849163 131.32233752345 134.553325752877 131.48742691478 133.017902283422 128.562141674644 129.548398126548 132.846012977874 125.661845697602 121.172155449446 88.0595141920258 124.082099878484 125.30919454561 101.7572457121 118.347847663399 131.913440614022 87.4260869807206 94.44331753157 94.1675852296964
"11/10/2019" 131.846117840867 132.113411216013 119.93796551815 121.394906844225 135.15908408806 136.140755114032 129.016218474039 127.829463746224 131.354694604423 134.590772134291 131.534215309969 133.069289764037 128.615217994234 129.545678026255 132.879024132248 125.717399648871 121.230739188446 88.0911137662905 124.138693266858 125.369277567935 101.719204036187 118.304779895168 131.943484019746 87.4619823047975 94.4766321071932 94.204798651016
"14/10/2019" 131.80675250022 132.098125395534 119.971114275255 121.34033042804 135.159491479898 136.146862397177 129.033649854653 127.830391632907 131.349972267094 134.59092298581 131.546929589977 133.087473559334 128.636691301274 129.51200702837 132.874504105455 125.743497813463 121.261639141135 88.1010937779053 124.166386687586 125.4062637353 101.589079080219 118.185890487308 131.937074495359 87.4777276264174 94.485859536402 94.2190526888173
"15/10/2019" 131.826940964551 132.094419064984 119.901618980853 121.319709053105 135.123024619294 136.102376493567 128.978698331621 127.874056321422 131.321092743181 134.553936341556 131.496505990248 133.031174557018 128.576703254615 129.544139488725 132.843987506869 125.67988881684 121.192725356297 88.0722874634627 124.101620552733 125.341478032245 101.539295110359 118.130910984452 131.912245775619 87.4419371569786 94.4540299692483 94.181250561338
"16/10/2019" 125.116099513695 127.706914145302 121.831506593762 118.274544660573 133.183232172673 134.832311273152 129.007144334386 120.209406268422 128.801546239215 132.648315134441 130.96338487816 133.011482907001 129.093421996362 122.125404876293 130.428063530822 126.722307405364 122.937514828966 87.3044176666676 125.291952368685 126.889513088459 101.412203077597 116.978160026988 129.1086985573 87.3626589961401 93.6665133594487 93.9614574155186
"17/10/2019" 132.038442939254 128.626086152444 120.314867479838 121.282764174024 135.480366759373 136.48166776424 129.372254944103 128.007702108681 131.65641173753 134.91153679481 131.884423394181 133.438912633992 128.982693115909 129.727322328927 133.182361311433 126.089128513995 121.606582760517 88.3391973593668 124.514180165308 122.325477597347 101.450518845613 118.022377679037 132.236946544295 87.7216940584279 94.737304959657 94.4776811366236
"18/10/2019" 131.811453103057 132.099206402003 119.933168896682 121.283208365802 135.133182723326 136.115939902879 128.999718824501 127.906300074388 131.327456376216 134.56342059827 131.514292958946 133.053016743793 128.600174305265 129.536723514835 132.850447924184 125.706767057367 121.222089695867 88.0876161501018 124.129317899404 125.380368961744 101.410650744745 118.015914618129 131.918721982057 87.4610247631256 94.4684035556754 94.1988992526763
"21/10/2019" 131.857703613553 132.129830891296 119.890176876141 121.278836176374 135.122785245959 136.097282263154 128.970681811113 128.023351023509 131.323569185124 134.551574966181 131.489560481424 133.023701355078 128.565956576017 129.604386013458 132.84479120879 125.66958405712 121.178393077126 88.0800203182097 124.09071400256 125.351534710322 101.269257663759 117.905749182115 131.920866554999 87.4467273681738 94.4574526280142 94.1822700662252
"22/10/2019" 131.823454923815 132.130055450475 119.957761652625 121.231732237991 135.150421087782 136.133013051307 129.019787577446 127.987754679456 131.342920934133 134.579058511056 131.532788106331 133.073841631031 128.620371748739 129.563484514294 132.865595994087 125.729311058719 121.243858597499 88.1092284195324 124.151651228922 125.420651883643 101.229968379624 117.833149469149 131.937722938614 87.4834448915176 94.4874896749075 94.2187090501635
"23/10/2019" 131.88438307289 132.158210661029 119.885913979748 121.209571379884 135.130649861412 136.101607608097 128.971408390042 128.072152965106 131.333145843554 134.558283691469 131.491524097728 133.024262895851 128.56441681036 129.639342767195 132.853968309434 125.667474459327 121.173042232886 88.0900509421174 124.087516501702 125.357520899833 101.192088147105 117.75963678918 131.934432212999 87.4536942998098 94.4651119233882 94.1873156688041
"24/10/2019" 131.824456622635 132.125569740379 119.906587419522 121.23527637057 135.115947445333 136.092702525067 128.974735249516 128.049482307071 131.312402678951 134.543274189113 131.4894115986 133.027264673597 128.571845021218 129.58024355607 132.834202086906 125.680191017902 121.191179417098 88.0858296994791 124.101217369423 125.380500117846 101.138574197222 117.760701391036 131.912481238535 87.4564310628139 94.4601463515444 94.1879572092931
"25/10/2019" 131.821042599869 132.132882595251 119.917405124117 121.203934988878 135.120798994261 136.098011350894 128.982322881585 128.058985447566 131.315719763095 134.547496634413 131.495771510981 133.034740639697 128.579791064533 129.578887752331 132.83783505667 125.689551634238 121.20074789548 88.0934981716546 124.110284367965 125.396552289632 101.100702805797 117.69082585769 131.917212382691 87.4649543455989 94.4667075847516 94.1951427676703
"28/10/2019" 131.822197332739 132.159736900176 119.925732025713 121.198312595285 135.12404127359 136.099274114459 128.986186129233 128.137938588741 131.316792445205 134.548286289265 131.497614708767 133.037923609412 128.582652987684 129.594083507197 132.839330089729 125.695571324533 121.204987375711 88.1045066178522 124.114705025623 125.425945334296 100.959746694585 117.552249468817 131.924994285161 87.4766632443283 94.4735461866055 94.2020571681764
"29/10/2019" 131.810747442365 132.194750343822 120.037060752658 121.180868447982 135.189922044193 136.17498062335 129.076703979105 128.125659341353 131.371520998298 134.61357142339 131.581397315478 133.13063088206 128.679420020482 129.573270962409 132.896185390214 125.798446275599 121.313573531548 88.1618853580887 124.218532762866 125.543196570262 100.920210511187 117.495954224421 131.977595683626 87.5431205466446 94.5330053398708 94.2692549583184
"30/10/2019" 131.85535452903 132.209796014571 119.942662131303 121.20241634238 135.148044584706 136.119997302134 129.00499621241 128.223388853056 131.339925903046 134.570068685188 131.516379915876 133.056635988103 128.599356415195 129.637623922183 132.862853108373 125.71333232879 121.219063454376 88.126674183067 124.130465462674 125.462131869309 100.869923920953 117.44931953617 131.95470863564 87.4974821779601 94.4929314730648 94.2199073724034
"31/10/2019" 131.798687714367 132.209994234865 120.037066763809 121.182700606373 135.183261421971 136.166430886228 129.071375383347 128.172168543302 131.362306499437 134.604517273229 131.573630772275 133.123890373875 128.673144296889 129.570388822045 132.887829537733 125.795651631898 121.309452100229 88.1650349174569 124.213831112349 125.562756487435 100.830274874696 117.39377423327 131.975217727297 87.5473581059967 94.5317813338469 94.268228339598
