"TIF012024" "TIF012026" "TIF012037" "TIF022021" "TIF022029" "TIF022030" "TIF022032" "TIF032022" "TIF032028" "TIF032029" "TIF032031" "TIF032032" "TIF032033" "TIF042023" "TIF052028" "TIF052034" "TIF052036" "TIF082028" "TIF092034" "TIF092035" "TIF112019" "TIF112020" "TIF112027" "TIF112029" "TIF122028" "TIF122029"
"01/02/2019" 152.271638949366 157.475725312586 145.037374849468 124.324195958553 168.555699623696 174.584050106742 165.286214149834 137.228447531269 166.943177115347 171.984069531463 169.026506837776 170.575666863884 164.053226247152 145.349490473297 168.807284790853 155.397325779717 151.013344167975 112.658205477485 156.899157079304 152.958900551092 108.858422246318 121.901037028702 162.662850203733 112.371004695265 122.895792580123 123.023804560167
"04/02/2019" 152.346008112527 157.572547384237 145.158393427462 124.366053611253 168.650742766053 174.68291047352 165.414873434122 137.283477971414 167.052156438278 172.099430702744 169.151873650425 170.701751603065 164.183957832505 145.417358320945 168.926615053866 155.526621652328 151.133138978524 112.741157802117 157.024587920842 153.084412971412 108.892126485952 121.944441534214 162.765543028916 112.457636703633 122.984315186756 123.116447319064
"05/02/2019" 157.472164903666 163.584276734814 148.600197599229 126.016270823876 174.762196528531 180.558553493908 170.376556615957 140.437469970113 173.215920783931 178.13943574264 174.556936764781 175.871989217283 168.839756127047 149.843327364286 175.070020185112 159.73884633107 154.725547282496 117.112323739093 161.126378675612 156.894788870854 108.479685390894 123.29811991544 168.951378905139 116.436524006129 127.537804166639 127.383833095633
"06/02/2019" 157.494544291765 163.613778032664 148.639896073448 121.904401884265 174.801437906189 180.60135915286 170.417982202319 140.450396396059 173.252615864456 178.178379001432 174.599271334343 175.915596658488 168.883695219154 149.860424379791 175.10544894221 159.781819799607 154.770819887883 117.140239033624 161.168757677936 156.938045836892 108.485435094045 123.307759573565 168.987041565976 116.467173060071 127.568658859527 127.415775254919
"07/02/2019" 157.51669944905 163.641355607816 148.679602350777 126.03618199826 174.83936849049 180.642828487511 170.462017916927 140.465306138046 173.288382301432 178.217271112988 174.640154266054 175.961855431882 168.926695326029 149.881889692352 175.142380071829 159.824639100401 154.811116144671 117.167402161002 161.214253292485 156.978581477444 108.491177065547 123.317590582177 169.021110735002 116.498127552748 127.599039582149 127.449184083318
"08/02/2019" 157.538780059601 163.648292164746 148.720565594456 126.046583213003 174.878208504983 180.68542922772 170.504305874584 140.481486630123 173.323730350158 178.257395291866 174.684852049115 176.007067138374 168.974298733036 149.900916183646 175.179660173487 159.865978290908 154.851672942472 117.195699768144 161.257434724604 157.021447099991 108.495766745357 123.328134081612 169.055423135748 116.526175410839 127.63017898979 127.503269608432
"11/02/2019" 157.605975698762 163.756950132309 148.841734927052 126.07913220943 174.993273757177 180.810548870693 170.632935024419 140.525244418252 173.432230856758 178.375105898623 174.809326420229 176.139686846184 169.121280482193 149.958235464684 175.289691080062 159.993728957711 154.977690391475 117.279140247741 161.384513418517 157.144957408815 108.512791292806 123.359684170708 169.135379705474 116.619677979912 127.718394696153 127.57504477485
"12/02/2019" 157.628419369371 163.763582666898 148.88317017647 126.088352342365 175.031538246257 180.851088434917 170.674981224571 140.540868130275 173.470981442416 178.413121750114 174.852304357861 176.188127093993 169.159533338661 149.978259148787 175.325017487026 160.037502548782 155.018753999034 117.308396630382 161.429767650597 157.186044185619 108.518450181409 123.365521581395 169.168767383994 116.648538024271 127.751018735475 127.608093772365
"13/02/2019" 157.650537231388 163.793082004207 148.925811784242 126.098141049266 175.071319316823 180.89133130514 170.720665323231 140.555849798496 173.50566979841 178.450813923724 174.895030052301 176.229742117163 169.203950821423 149.997702935661 175.343166107909 160.079277075417 155.05842876379 117.336612257098 161.470770629421 157.227665385889 108.52410102093 123.375644039392 165.453921844693 114.614752490693 127.803383145135 127.639119062126
"14/02/2019" 157.672206382078 163.821409475724 148.966334423177 126.10870671481 175.109451159974 180.933007906723 170.758749217568 140.569244703509 173.542001038194 178.490164873458 174.93659841601 176.276172201961 169.248530245895 150.015862342428 175.380513594369 160.120652237303 155.100747901175 117.367903081443 161.514882640132 157.272344216275 108.52974377849 123.385102583168 169.239486612568 116.706178244158 127.834025829689 127.672013873256
"15/02/2019" 157.694521935923 163.850109797523 149.003810733324 126.119302259229 175.148730298188 180.97503254666 170.801113897703 140.585208928174 173.577894418851 178.529553561209 174.978771377317 176.31704554239 169.291272696334 150.034965371068 175.416608129457 160.164212737237 155.142001521831 117.391290567458 161.55581284139 157.31474681766 108.535378425546 123.396026215728 169.273076985204 116.733884289353 127.864034686798 127.702990954525
"18/02/2019" 157.762081059519 163.937651305279 149.125055449532 126.150854209432 175.262901155792 181.100365236164 170.930016889329 140.628793173699 173.688415977509 178.647602873906 175.10790913023 176.450335588121 169.422812450507 150.092548669136 175.519983038353 160.291201079145 155.267851188975 117.474744202209 161.683199300545 157.440122351189 108.552233468506 123.426672240701 169.402212874046 116.823318101517 127.929985837454 127.799101700493
"19/02/2019" 157.783956337269 163.966499339184 149.167233731153 126.160755111416 175.30242496889 181.140437730538 170.970720543313 140.644776686857 173.723236703856 178.685291329051 175.145235288825 176.494600617593 169.465400688045 150.110945526997 175.558385122115 160.334811163425 155.308949167515 117.502219866802 161.726525470656 157.484791951062 108.557835451683 123.436610665886 169.409563080299 116.850894038522 127.958217428042 127.85267710799
"20/02/2019" 157.80625168082 163.995061435908 145.895274250186 126.171883120569 175.341931042694 181.177161066056 171.012425764419 140.659940700727 173.759268002953 178.724640300597 175.188782498622 176.538302103842 169.488087280534 150.131169230327 175.593381787511 160.379517951837 155.352369706141 115.53015391356 161.769053872873 157.526143443058 108.563429225262 123.442583309805 169.445099726079 116.881481408743 127.989257996345 127.861231140144
"21/02/2019" 157.827925783234 164.023824601088 149.247922137254 126.181810842158 175.381273812129 181.2422537053 171.054247087289 140.671575441598 173.794253402688 178.762723951806 175.231071451226 176.580132826436 169.532434179504 150.149674898729 175.628628028441 160.422333954393 155.391750367107 117.558602478075 161.810789606405 157.569488979669 108.569014775311 123.452242210759 169.479455668413 116.911277129728 128.019238836123 127.891954359125
"22/02/2019" 157.834791271833 164.052831835778 149.287391729769 126.193957385636 175.41861978844 181.259078875344 171.099900214467 140.689569115832 173.831638964369 178.801717027099 175.274058823716 176.627063173319 169.575574359437 150.168317405459 175.665725795644 160.461725766624 155.431989886739 117.585745161436 161.855508620404 157.609706735544 108.574592089185 123.46226245873 169.515205758999 116.941539872143 128.050041889997 127.948916883594
"25/02/2019" 157.900147999621 164.141135256892 149.413395081022 126.223781920208 175.55651153634 181.406390138678 171.244108420895 140.731429104182 173.937929817069 178.917241406012 175.402430692399 176.75734727339 169.706895506952 150.223452899759 175.775328226292 160.589305890196 155.556040354912 117.673456785557 161.981501552265 157.735124278468 108.591276497049 123.4914207156 169.618956271331 117.029991201304 128.140838872047 128.043582411083
"26/02/2019" 157.923669554394 164.16849281449 149.450085324703 126.2340741692 175.595318339077 181.447395312419 171.288119296633 140.747990161476 173.976207740161 178.955658909595 175.443775641848 176.802994948275 169.74919174768 150.245111295557 175.812827871423 160.633701470794 155.59890681684 117.698122186956 162.025631558094 157.777919539025 108.596822782507 123.503681952188 169.654259775415 117.06027545113 128.169667020838 128.075785279379
"27/02/2019" 157.94505994903 164.198531664969 149.490952495573 126.2435424761 171.758940040271 181.48875256173 171.332272969024 140.765852669226 174.034440200132 178.995592967815 175.483991644569 176.847585975594 169.792834973992 150.262220858667 175.873863112729 157.176220342229 155.639495073639 117.725290602198 162.069474250901 157.819862904103 108.602360801751 119.25964752164 169.689140329023 117.090326127928 128.200183279942 128.107315454276
"28/02/2019" 157.969068711665 164.226185958591 149.532342862548 126.25475437839 175.672724419951 181.50522386948 171.354779743502 140.777338532802 174.070440317005 179.033876562137 175.527290605464 176.885580463485 169.836232348593 150.283572709341 175.909742174357 160.718467068956 155.692240765757 117.777595326476 162.112125387583 157.86158902655 108.607890533271 123.520372932236 169.7220558781 117.119458077638 128.230404984772 128.120760945473
