"TIF012024" "TIF012026" "TIF012037" "TIF022021" "TIF022029" "TIF022030" "TIF022032" "TIF032022" "TIF032028" "TIF032029" "TIF032031" "TIF032032" "TIF032033" "TIF042023" "TIF052028" "TIF052034" "TIF052036" "TIF082028" "TIF092034" "TIF092035" "TIF112020" "TIF112027" "TIF112029" "TIF122028" "TIF122029"
"02/12/2019" 131.195257409012 128.006600915565 119.268041167038 120.178690028575 132.24107228711 137.436888722858 130.86100682583 129.735426180504 131.901848894335 135.538901853488 133.100206653375 134.907339741278 130.672470959801 129.396326227497 133.553884075704 124.519738826888 123.797625350866 86.7286428476191 126.441860165214 124.390806731765 116.376488950839 128.628831387613 86.4150702138586 95.2250770938095 95.2611601740898
"03/12/2019" 132.346846014159 127.887704179087 119.554978925279 119.190387848187 131.616433704401 136.915262333349 130.578785773553 129.452154022674 131.301723234522 134.933247627202 132.723833458438 134.669666413408 130.548772567414 130.643927930794 132.911106055546 124.518994189216 124.027478425846 86.0690791499297 126.520709708817 124.578302083849 116.301554269585 128.024504909068 85.8857911636844 94.6090508282373 94.761361834842
"04/12/2019" 132.306036980097 128.188226124959 119.215682852971 119.124966853484 131.9257665502 137.146520187741 130.620209505858 129.227384909319 131.656237938231 135.240078060743 132.856274589929 134.709216540146 130.497927167489 130.469649084501 133.259411123292 124.366453699574 123.729748244901 86.3519569526118 126.340063815456 124.323574034514 116.265008684275 128.389376775827 86.0734729057194 94.8776440888019 94.9475837192771
"05/12/2019" 132.594319225447 128.562524966851 119.393767340417 120.26179059295 132.488904487692 137.676429588212 127.414065952626 127.366674344434 132.19469458485 135.798539997381 133.307367302242 135.111126543455 130.848917922687 131.158075073493 130.019849848555 124.664829075857 123.937981384106 86.7334077970079 126.600235111434 124.539631001172 116.341765269485 128.927834509552 86.4154176649965 95.2741331439998 95.3071218437243
"06/12/2019" 132.351302339062 128.401634752356 119.403419638377 120.234341043296 132.437478254142 137.642222968528 127.400097104386 127.388516956898 132.126094867598 135.750527751424 133.285609362234 135.095056945529 130.84265029382 130.97253650232 129.954634669145 124.663799308095 123.947659137427 86.7162954921511 126.601246211227 124.544649006042 116.2453498013 128.848370259268 86.4147744148531 95.2569754664559 95.301708296238
"09/12/2019" 132.443437661604 128.573508575574 119.161393907334 120.109820913337 132.489170443999 137.652288940965 127.309096453405 127.469625933222 132.220593061949 135.810482952974 133.237252450056 134.998192980266 130.715876414869 131.012242133559 130.044372467012 124.491420965208 123.730001793891 86.7691607171147 126.416448986025 124.331036781372 115.925077493705 128.960855655365 86.4060828667947 95.2984278634402 95.2900886590648
"10/12/2019" 133.874971750775 130.134198883042 117.907927061773 119.963053794632 133.000335087186 137.851531422167 126.923757482628 126.777817125388 133.027283096455 136.323922095155 133.109411343965 134.601597800655 130.106685730436 131.736841010995 130.803496827836 123.63334576508 122.5753588885 87.146976366246 125.493836946475 123.245334970062 115.912635824569 129.89710004571 86.3988564664418 95.617499795831 95.2902048705501
"11/12/2019" 133.677614992329 129.268262487166 118.8234978649 119.365866468815 132.418621227321 137.481242913949 127.030401874096 126.097111836835 132.296281717603 135.727106780254 133.022053722552 134.757804395433 130.424585121206 131.754781834491 130.058243715716 124.172616690394 123.38142212754 86.6114741687931 126.116907709874 124.020848714517 116.412391332053 129.095587323429 86.1551085936703 95.1332133492554 95.0593721965469
"12/12/2019" 134.078388584658 130.578350963356 118.368841634236 119.923810361276 133.587698611448 134.54606253668 127.484387764749 126.733116266097 133.581798712383 133.046526870041 133.67845557636 135.166827034396 130.650403872234 131.815915855141 131.375082076696 124.152255786704 119.686595757528 87.6044113042065 125.996034713513 123.728812820019 115.851518642674 130.447552558395 86.8463392854087 96.0876321836737 95.7537746895625
"13/12/2019" 132.240806493654 128.301080246904 120.816825799215 119.908206467375 132.877523444612 134.374594282431 128.329738731643 127.304852656392 132.41068799669 132.336387769832 134.100113616167 136.069813256948 131.929327472293 130.965518881381 130.252157595692 125.860094274573 121.953992950157 87.054238733361 127.849346151328 125.880487895984 116.040025215355 129.046359267718 86.9470024440142 95.6622090446161 95.8703781755634
"16/12/2019" 132.456056286707 128.673069846482 120.372049040641 119.958820024524 132.983349605358 134.391996599994 128.168994893714 127.558271624618 132.598851789122 132.449008411942 134.01775096008 135.893765785678 131.705791076001 131.041662610124 130.435307444841 125.547302813282 121.549233410075 87.1545000382925 127.510495796356 125.48692466685 115.570749326054 129.272660493493 86.9278545917599 95.7424901838397 95.8467500595376
"17/12/2019" 131.960590945281 128.334375752324 120.786438654641 119.791380754608 133.021959156566 134.508168123085 128.408144592955 127.823437459813 132.560409456766 132.489526737407 134.208967942269 136.141109828017 131.997454709021 130.760694468276 130.408014751616 125.882690196269 121.946008100002 87.2200697521139 127.862749247665 125.871076456222 115.241026882254 129.19001081784 87.0780443009328 95.8261160964431 95.9984570975465
"18/12/2019" 132.625788382246 128.793737482183 120.248816956995 119.81332409612 133.016363214889 134.398745999186 128.12524969086 127.738433693314 132.659617107495 132.481995462234 134.003751703629 135.852915372217 131.651227941863 131.226420274203 130.488289390791 125.460958135102 121.434870378374 87.1732722583489 127.421826187577 125.382027865748 115.290883211816 129.339937821566 86.9164083671648 95.7617562026491 95.838502954305
"19/12/2019" 132.539566981308 128.799807144588 120.742970163971 119.789850597236 133.140389998461 134.587606155879 128.425358134263 127.384480563482 132.737078943092 132.611738963344 134.256509164996 136.159786999029 128.38936703128 131.022522155911 130.575179313632 125.865577640362 121.915016499123 87.288998603974 127.84192331142 125.837808792781 115.248200387984 129.397548978657 87.0865945926921 95.8939700037149 96.0163959321291
"20/12/2019" 131.99989461299 128.293195650359 120.95263078972 119.859942117521 133.010773495904 134.524771991585 128.479662336891 127.793442331466 132.53387063576 132.477773347264 134.266354194649 136.223454817172 128.476249115189 130.805506038086 130.377114716414 126.004592961009 122.100906504902 87.1990791257772 127.998361524154 126.023088006834 115.356549111521 129.149651415066 87.0910936904525 95.8193710629693 96.0186859970189
"23/12/2019" 133.48841532526 130.102821202635 118.703234847587 119.388557749596 133.348614063493 134.421574041807 127.536514985504 126.174616134464 133.296528086934 132.836507848914 133.730734307827 135.224954871983 127.225263539564 131.218096697804 131.089997283976 124.352873700156 120.020702222601 87.5420229122118 126.241003413867 124.011148931437 114.856616030323 130.094685471924 86.8627645128479 96.0785419975062 95.7709957935975
"24/12/2019" 132.300994863735 128.672788033161 120.545487267197 119.710056879193 133.103586215212 134.529560046865 128.325550219473 127.641490163683 132.718310932482 132.569552337071 134.202262733843 136.074359195575 128.258258132562 130.912904148348 130.537819317055 125.715089225187 121.721205705877 87.2809720187887 127.699142668152 125.672853705857 115.058074776463 129.360976069522 87.0667750870788 95.8919906799031 95.9977071115003
"25/12/2019" 132.290919185865 128.619084659775 120.705657951299 119.693773415572 133.11338357559 134.565656709914 128.408555063467 127.714701177281 132.70806719585 132.579510566066 134.268762256864 136.163681918732 128.361489714897 130.949183000547 130.528002922241 125.839704610795 121.873029581094 87.2825196251449 127.832574504284 125.820180995889 115.032664707865 129.338369940977 87.0987927922862 95.9037225761993 96.0343268730431
"26/12/2019" 132.036351802184 128.574799168429 121.227555897828 119.679776501778 133.356995229116 134.870449172895 128.801469336643 127.764899328022 132.89135721419 132.823856813379 130.877107334153 136.570975992829 128.792211826296 130.746923258616 130.719282957414 126.305768870291 122.382781987714 87.4923848331534 128.312198329527 126.323259002444 114.991432325337 129.48747355047 87.3679148781807 93.821074840988 96.3143367752566
"27/12/2019" 132.30289045862 128.622677662524 121.186952562853 119.589596983277 133.284708147737 134.795659222029 128.734193817806 127.760574309206 132.831343387327 132.750822838932 130.804463362907 136.506815226207 128.729953856572 131.006182144143 130.653623257948 126.251087989512 122.338091581625 87.4077409805539 128.26195212976 126.2777042319 114.959966295009 129.433253331954 87.2858905259539 93.7373064443989 96.2359095225785
"30/12/2019" 132.280827120818 128.694254472024 121.303710928123 119.497376661415 133.368469813768 134.888883881407 128.836531660681 127.694030376534 132.92414087138 132.837555947608 130.908024314735 136.624071623818 128.841208268591 130.917240836738 130.734422161591 126.361909300457 122.456815905774 87.4956635688676 128.38709831115 126.400889423039 114.638454153784 129.509970456396 87.3732093779916 93.8285777969141 96.3324732549918
"31/12/2019" 132.014595181665 128.493318242719 121.266580312736 119.521616955843 133.30817643517 134.834389171234 128.794024155682 127.970703094476 132.845847097147 132.773647076244 130.855421157782 136.580693259982 128.794459003577 130.817748990215 130.658509878536 126.322553807578 122.41424674001 87.4546991170017 128.347424020141 126.363384378104 114.689903760816 129.42221738081 87.3496993131577 93.7834930740928 96.3038399387658
