"VEBONO012020" "VEBONO012021" "VEBONO012023" "VEBONO012025" "VEBONO012029" "VEBONO022022" "VEBONO022024" "VEBONO022025" "VEBONO022034" "VEBONO032027" "VEBONO032031" "VEBONO032034b" "VEBONO032035" "VEBONO042024" "VEBONO042028" "VEBONO042029" "VEBONO052021" "VEBONO052028" "VEBONO052029" "VEBONO062020" "VEBONO062028" "VEBONO062032" "VEBONO072033" "VEBONO082025" "VEBONO082037" "VEBONO092029" "VEBONO102028" "VEBONO102030" "VEBONO112020" "VEBONO112028" "VEBONO122023" "VEBONO122036"
"01/10/2019" 104.962068353867 120.623505276263 117.158791759355 120.896413389599 97.1994534248224 116.738479677759 116.531902928195 118.354789581923 118.013139692213 120.284383462127 123.507347141335 120.921106658407 121.387121115312 118.62188817703 124.33744171137 109.603854047493 119.125627271865 88.7442711254382 124.306959215555 112.51994870013 96.7053443422167 123.299314538765 121.876812408105 143.742434222532 117.20920864352 88.1240649898153 124.522264570951 98.0352656946475 115.476404850774 87.7313777769295 112.321260539575 116.90613291866
"02/10/2019" 104.969869966295 120.311109880269 117.350277143474 121.425948634102 97.1927709170546 116.458790683175 117.010197410772 118.878720101658 117.467101814519 120.603124351946 123.261160397802 120.369158230826 120.770077652408 119.119333545146 124.489824248745 109.58315519959 118.658360908458 88.8069666682183 124.303448655113 112.879347310784 96.7764870301714 122.916001032623 121.377622621004 144.287778019503 116.442372749177 88.0154266696199 124.596945996725 97.8104382732227 115.336277309165 87.7213898004234 112.771606951811 116.174026401655
"03/10/2019" 104.969368227059 120.644151134082 117.079330160907 120.91473005681 97.6092353802603 116.70095685779 116.47482840517 118.376722930365 118.83692987697 120.524515088341 124.150652435451 121.759100180203 117.604078485128 118.58057683935 124.707863114393 110.054209673607 119.141910570838 89.0867503390818 124.7841313152 112.455528824684 93.4644425687871 119.240872412515 122.679442803494 143.806540413459 118.178382459089 88.5724554497949 124.94653035875 98.5830185421611 115.480712880738 88.1168714324112 112.25306799166 117.854883782131
"04/10/2019" 104.744793545075 120.41494677024 119.171620620591 119.83226197586 96.4651233283275 119.597073905517 116.5624623633 117.174016966219 119.87969384924 118.651208123553 123.816641723909 122.846325544594 119.004690372316 118.423878673051 123.148251303565 108.968549124018 120.195297274301 87.7148376669228 123.643692364952 112.551306615993 92.0527873118548 119.512576050398 123.508771737037 142.42717555025 120.419764067094 87.7653606636959 123.58414082791 98.2718526497229 114.648363791121 86.9683016096256 112.589079394716 119.852102773318
"07/10/2019" 104.679551574374 120.302056195574 119.244527574623 119.863986819343 96.4408038764202 119.615842168936 116.622847008331 117.201056057624 119.905838685675 118.631999508395 123.807937904994 122.873771059548 119.043323174528 118.479762689837 123.122024464537 108.944887648667 120.120832843274 87.6888602579924 123.619445303501 112.415343353117 92.0270557177529 119.518768088693 123.52774850341 142.443402389517 120.483277798265 87.7454934261936 123.558029774233 98.2609139782803 114.521961055888 86.9437197257663 112.654824511317 119.909309284313
"08/10/2019" 104.635982905279 120.280501141569 119.258881621196 119.89132846396 96.4680879247917 119.626868994815 116.641960880488 117.229446278853 119.870331512702 118.672468005665 123.816243092751 122.837070997597 118.993321591309 118.500260628478 123.160017406019 108.972405446019 120.114145644802 87.7192618647844 123.649590052953 112.360253479882 92.0582908137676 119.508158375676 123.500894128508 142.477720790217 120.40277852714 87.7646243126341 123.592742073136 98.2690546474124 114.49140927101 86.9701069040809 112.672730586379 119.836834262114
"09/10/2019" 104.572610383983 120.283095334651 119.405641896404 120.055283927135 96.4799259183843 119.717171511199 116.814241278067 117.389840854774 119.841330315135 118.76300201184 123.809825515234 122.808102190642 118.962215545526 118.672798844404 123.21310941334 108.987630162514 120.14560522072 87.7405044549701 123.674556531083 112.299620035919 92.0824415391892 119.487919752735 123.474375869262 142.648510129874 120.369236345691 87.7583205397401 123.631034061175 98.2527844655665 114.477168462025 86.9781467681122 112.841975845708 119.803819318005
"10/10/2019" 104.521718455249 120.282260042559 119.467665656713 120.00186845272 96.4782447755407 119.817677814202 116.797180315488 117.33306680251 119.899661650899 118.716199885966 123.841272439187 122.867304988883 119.026291057456 118.64737958252 123.190738351343 108.989175083082 120.190992770725 87.7266242363285 123.674813605949 112.220034277596 92.0693991867335 119.533868434995 123.52915744473 142.585980028163 120.441651363567 87.7705686958163 123.620100258918 98.2804985836039 114.449626651749 86.9755606049464 112.836197566852 119.874629768915
"11/10/2019" 104.470227015782 120.287686289562 119.492916545805 119.976922340808 96.4256446366321 119.854548282905 116.795182478102 117.304246095064 119.943361558351 118.652560233058 123.814784959792 122.913666267279 119.094884980205 118.641569991481 123.124790558266 108.935617169623 120.213798577943 87.6702614290973 123.616764158444 112.172248562083 92.0122598596896 119.537399858849 123.558378873812 142.546087100764 120.561353053231 87.7288040676349 123.556902286523 98.2548659907232 114.442280673951 86.9238734673195 112.839206387554 119.981081240839
"14/10/2019" 104.322352497801 120.265547809593 119.606061851155 119.982365658908 96.4183318983313 119.995090431825 116.835737555679 117.304268492166 119.951412435625 118.636202489897 123.817914967027 122.923294941779 119.104172140008 118.675169962031 123.114116883287 108.930198632079 120.267462214168 87.6572935035163 123.611425143466 111.984443152784 92.000658715622 119.543881188097 123.566244931655 142.543386200928 120.570396053576 87.7244417704595 123.548906394833 98.2562688301362 114.37246294553 86.9144392649218 112.889956952455 119.990554833608
"15/10/2019" 104.252852271397 120.269897966379 119.520728946853 120.003555570291 96.5168353055143 119.939996839452 116.797139240947 117.333002871486 119.914030441022 118.746814783397 123.876736329013 122.883819414657 119.034898880777 118.647381958254 123.230981167848 109.029111743028 120.265303829535 87.7614930265012 123.715621143765 111.936245782834 92.1061987671316 119.56104520699 123.548453791892 142.592783738368 120.434329502951 87.8050513273601 123.661315841314 98.3127746043165 114.37151638645 87.0108769772527 112.840821818592 119.872149909275
"16/10/2019" 104.198948505527 120.250918467491 119.617790036508 120.00190451462 96.4483426581303 120.033706365453 116.840151159922 117.324449658946 119.886281404474 118.680717660625 123.815253252006 122.857835473548 119.018663467108 118.682489347748 123.156361916442 108.958865687987 120.289429938471 87.6916637896482 123.641281052837 111.848935816333 92.035725193416 119.514391174996 123.513693654232 142.572021843777 120.441803325076 87.7420624556908 123.585993936576 98.2574419400736 114.329086860141 86.9429512570234 112.893335974281 119.87319351027
"17/10/2019" 104.153558332518 120.249746019726 119.957492037345 115.39454688977 93.2668868576573 120.24017622474 117.268873792594 117.807291873942 120.478509987859 119.232262734885 124.42894240183 118.753451664906 119.609660161856 119.120867336217 123.733863358448 109.491921451657 120.34988748984 88.1467848563314 124.236541107595 111.768932477946 92.5113943347848 120.112108618645 124.115320873893 143.135562658051 121.024864919255 88.2029169432938 124.172909177943 98.7509787338583 114.297820874102 87.3978377970396 113.304548611174 120.462076870828
"18/10/2019" 104.101723814531 120.241281499225 119.521529339835 119.871876550684 96.4606968111018 120.017735752759 116.700756006647 117.195702449924 119.967160595035 118.620552458701 123.856920725445 122.941442195359 119.109748207169 118.543790740321 123.132909607556 108.970358269049 120.300636779737 87.6917728665822 123.645289293354 111.741138081739 92.0345778721799 119.576142504096 123.588992002917 142.437426523975 120.55055646427 87.7705219996903 123.576769997947 98.3013929269587 114.297891225122 86.9559090653542 112.758108627708 119.977865895833
"21/10/2019" 103.940980945286 120.242767915616 119.406125487593 119.664620174516 96.4122707298833 120.036586813066 116.495691083804 116.987088453267 119.955373438942 118.482433562787 123.815501353025 122.933664036303 119.103645715177 118.337198599124 123.034161106741 108.914290279568 120.347952624636 87.6326085177213 123.572322632879 111.558526436081 91.9715737925764 119.552165125338 123.573767946423 142.214265838458 120.553097438849 87.7397630726118 123.491782213184 98.2807309080608 114.256278059493 86.910474121122 112.562761891243 119.978073853551
"22/10/2019" 103.890016507564 120.259323499176 119.41298765608 119.703204923615 96.4136788645887 120.04745262334 116.520186863639 117.0252335209 119.896671109131 118.513099734872 123.789474401755 122.875509240115 119.035775815012 118.365499480982 123.050674528774 108.913782240306 120.370538001445 87.6404734191121 123.572453268254 111.51896635499 91.9794499010042 119.510726875556 123.521092413776 142.258098583652 120.467564264007 87.7295969722354 123.50032560673 98.2587405978113 114.262710387584 86.9108472862766 112.583460716255 119.896775903226
"23/10/2019" 103.837231699068 120.223678279869 119.445624931359 119.70912823665 96.4386939973688 120.085491568467 116.530868848456 117.029630241835 119.921482700898 118.528951038207 123.820106146193 122.901478828136 119.058016509525 118.375338532007 123.074946388518 108.940845193509 120.366977275911 87.6615019603555 123.600833155902 111.424619830512 92.0012988395154 119.539334698978 123.548227570266 142.264717943465 120.483761985362 87.7543654454141 123.526994626183 98.2859425454792 114.208007549035 86.9337351710238 112.596712449548 119.914663479008
"24/10/2019" 103.801447731861 120.243024704568 115.795061640991 121.00446762383 96.7956353599463 120.908263491353 117.938565404099 118.299103246004 119.983370918156 119.384396825361 124.133902782388 122.958650587444 119.060189438537 114.748129721286 123.740093316623 105.069358769626 120.602356687483 88.0494253505916 124.11722916124 111.264915624966 92.4202907992985 119.720503771602 123.655544621094 143.645238649948 120.37334745501 87.988677525149 124.115451663763 94.7419666327694 114.136342298209 87.248343936525 113.993371081813 119.834047503391
"25/10/2019" 103.726052554054 120.231751320588 119.492772007962 119.707205325346 96.4283226340321 120.168811774914 116.538734070104 117.022887279433 119.918924398055 118.514791738383 123.809606571228 122.902610043621 119.058384713787 118.382548287366 123.062565318078 108.930087002855 120.421616264055 87.6479123641627 123.587710395661 111.28814267127 91.9876907137696 119.532323283347 123.54534928191 142.257923362048 120.490223362212 87.7427583759715 123.514256407809 98.2782537176226 114.17908499158 86.9207968652907 112.608396330246 119.919269436938
"28/10/2019" 103.459211120796 118.562858215906 120.788970682363 119.434871256114 93.4345971816705 118.462690721705 120.571802745574 121.824135634146 115.659743335322 122.009375730569 122.416996539916 113.899230951059 114.027203430737 122.494558563212 125.232720530685 109.39917749034 117.912994871215 88.8952074465587 124.396653299962 112.694679059023 93.2779112007245 116.772560575963 119.770940270231 147.428565759645 114.017529750751 87.4633108226947 125.01061361976 96.8649472807576 113.307123732674 87.5265885766733 116.325745192823 113.797284806357
"29/10/2019" 103.511567850804 120.359975796285 119.528823880185 119.625018394623 96.3743729125346 120.357497853024 116.468769940363 116.930824892324 119.862473096182 118.432100651612 123.742565241738 122.855086553382 119.004467195092 118.312602325804 122.991816682056 108.87112192165 120.629910476434 87.5866325972645 123.517305976883 111.075343953052 91.924385501345 119.471028221185 123.490149629431 142.165698558951 120.442698853962 87.6880206315492 123.444190545439 98.2293094706557 114.227076769427 86.8627590993234 112.546610946558 119.868966126513
"30/10/2019" 103.458462368399 120.364034396455 119.57060707706 119.562327573717 96.3949228991528 120.463607812988 116.427488989829 116.865191893976 119.931581177142 118.402366528152 123.791577486706 122.926834362765 119.077391376731 118.26610063846 122.992455175604 108.895029846014 120.688711242105 87.5938867863443 123.539784246789 110.970202019839 91.9322455481684 119.530926347511 123.557981952136 142.10036931578 120.521888362065 87.719038512715 123.456335018628 98.274745433598 114.195276566994 86.8807370319699 112.514726718974 119.946719144147
"31/10/2019" 103.409049375329 120.356909539966 119.52794725973 119.638885335569 96.6776581238321 120.451622753397 116.426667682207 116.951535526711 120.227075150396 118.648749949219 124.126033373314 123.223753683786 119.359292386996 118.278710741032 118.219037996287 109.197362681486 120.6959644385 87.8575429222364 123.864060429107 110.894139554765 92.2032630819405 119.848079055005 123.866077857767 142.229924816463 120.772538988467 87.9949778990073 123.770209459942 98.5615690473424 114.171651682764 87.1511310915888 112.501115706336 120.207223924411
