1	28/03/2018	3,535699	104,518755	107,4067	111,633445
2	27/03/2018	3,557345	93,249132	108,0761	99,075868
3	26/03/2018	2,913368	105,473189	96,1625	111,528411
4	23/03/2018	3,027611	105,533372	108,5008	111,592028
5	22/03/2018	3,029328	105,533761	108,5627	111,592439
6	21/03/2018	3,029339	105,585864	108,5631	111,647536
7	20/03/2018	3,030836	105,758284	108,6167	111,829716
8	16/03/2018	3,035716	105,723969	108,794	111,793431
9	15/03/2018	3,034731	105,995123	108,7587	112,079877
10	14/03/2018	3,042377	105,902973	109,0375	111,982427
11	13/03/2018	3,039727	102,304952	108,9427	108,125448
12	12/03/2018	2,910248	105,83255	105,2152	111,80545
13	09/03/2018	2,98645	105,830317	108,819	111,803883
14	08/03/2018	2,986783	106,045735	108,8171	112,031265
15	07/03/2018	2,992765	97,98626	109,0385	103,22374
16	06/03/2018	2,61874	97,982655	100,605	103,219945
17	05/03/2018	2,618645	100,532303	100,6013	105,879497
18	02/03/2018	2,673597	99,784253	103,2059	105,089147
19	01/03/2018	2,652447	106,000599	102,4367	111,477801
20	28/02/2018	2,738601	107,103967	108,7392	112,633233
21	27/02/2018	2,764633	97,116439	109,8686	101,616761
22	26/02/2018	2,250161	98,973243	99,3666	103,542757
23	23/02/2018	2,284757	98,937281	101,258	103,505719
24	22/02/2018	2,284219	103,184517	101,2215	107,863483
25	21/02/2018	2,339483	102,959222	105,524	107,631578
26	20/02/2018	2,336178	106,877898	105,2954	111,655502
27	19/02/2018	2,388802	106,957449	109,2667	111,738751
28	16/02/2018	2,390651	106,931792	109,3481	111,712008
29	15/02/2018	2,390108	106,886739	109,3219	111,665461
30	14/02/2018	2,389361	106,815908	109,2761	111,591492
31	09/02/2018	2,387792	107,170384	109,2037	111,961816
32	08/02/2018	2,395716	107,149975	109,5661	111,941025
33	07/02/2018	2,395525	107,149738	109,5455	111,941062
34	06/02/2018	2,395662	107,149629	109,5454	111,940971
35	05/02/2018	2,395671	107,149358	109,5453	111,940842
36	02/02/2018	2,395742	106,998377	109,5451	111,783023
37	01/02/2018	2,392323	107,000914	109,3907	111,785686
38	31/01/2018	2,392386	107,173734	109,3933	111,966066
39	30/01/2018	2,396166	107,04513	109,5699	111,83167
40	29/01/2018	2,39327	107,04063	109,4384	111,82697
41	26/01/2018	2,39317	107,236644	109,4338	112,031556
42	25/01/2018	2,397456	107,256405	109,6341	112,052195
43	24/01/2018	2,397895	107,2562	109,6543	112,052
44	23/01/2018	2,3979	107,386992	109,6541	112,188608
45	22/01/2018	2,400808	107,342816	109,7878	112,144784
46	19/01/2018	2,400984	107,337534	109,7438	112,139266
47	18/01/2018	2,400866	107,344234	109,7384	112,146366
48	17/01/2018	2,401066	107,343953	109,7453	112,146447
49	15/01/2018	2,401247	107,343152	109,7452	112,146648
50	12/01/2018	2,401748	107,515522	109,7449	112,327278
51	11/01/2018	2,405878	107,515416	109,9214	112,327184
52	10/01/2018	2,405884	107,51529	109,9213	112,32711
53	09/01/2018	2,40591	107,515137	109,9212	112,327063
54	08/01/2018	2,405963	107,514907	109,9211	112,326893
55	05/01/2018	2,405993	107,526904	109,9209	112,339896
56	04/01/2018	2,406496	107,438005	109,9334	112,249395
57	03/01/2018	2,405695	107,437666	109,8437	112,249534
58	02/01/2018	2,405934	106,73677	109,8436	111,51503
59	29/12/2017	2,38913	106,580453	109,1259	111,352147
60	28/12/2017	2,385847	106,591295	108,9663	111,363505
61	27/12/2017	2,386105	107,447615	108,9774	112,254585
62	26/12/2017	2,403485	107,695068	109,8511	112,512932
63	22/12/2017	2,408932	107,665724	110,104	112,482276
64	21/12/2017	2,408276	107,557341	110,074	112,369059
65	20/12/2017	2,405859	108,013397	109,9632	112,844403
66	19/12/2017	2,415503	107,491649	110,4289	112,298151
67	18/12/2017	2,403251	107,422691	109,8949	112,226109
68	15/12/2017	2,401709	107,660738	109,8244	112,478662
69	14/12/2017	2,408962	107,440338	110,0697	112,248262
70	13/12/2017	2,403962	107,440703	109,8443	112,248697
71	12/12/2017	2,403997	107,3116	109,8447	112,114
72	08/12/2017	2,4012	107,967943	109,7128	112,797857
73	07/12/2017	2,414957	107,967992	110,3829	112,798008
74	06/12/2017	2,415008	107,474443	110,383	112,281557
75	05/12/2017	2,403557	107,472439	109,878	112,280961
76	04/12/2017	2,404261	107,404061	109,8767	112,209539
77	01/12/2017	2,402739	107,235255	109,8068	112,033145
78	30/11/2017	2,398945	106,887327	109,6342	111,669273
79	29/11/2017	2,390973	107,584211	109,2783	112,394989
80	28/11/2017	2,405389	108,196758	109,9896	113,033042
81	27/11/2017	2,418142	107,499971	110,6149	112,303629
82	24/11/2017	2,401829	107,075878	109,9018	111,860522
83	23/11/2017	2,392322	107,696879	109,4682	112,507321
84	22/11/2017	2,405221	107,696772	110,1021	112,507228
85	21/11/2017	2,405228	107,696127	110,102	112,507673
86	20/11/2017	2,405773	107,694849	110,1019	112,508751
87	17/11/2017	2,406951	107,784308	110,1018	112,610692
88	16/11/2017	2,413192	107,767069	110,1975	112,592731
89	15/11/2017	2,412831	107,750281	110,1799	112,583519
90	14/11/2017	2,416619	107,75006	110,1669	112,58354
91	13/11/2017	2,41674	107,749865	110,1668	112,583335
92	10/11/2017	2,416735	107,733571	110,1666	112,569029
93	09/11/2017	2,417729	107,733474	110,1513	112,568926
94	08/11/2017	2,417726	107,701927	110,1512	112,536073
95	07/11/2017	2,417073	107,701727	110,119	112,535873
96	03/11/2017	2,417073	107,655553	110,1188	113,062647
97	02/11/2017	2,703547	107,640973	110,3591	113,047427
98	01/11/2017	2,703227	107,491443	110,3442	112,890957
99	31/10/2017	2,699757	106,731922	110,1912	112,090678
100	30/10/2017	2,679378	107,53407	109,4113	112,94553
101	27/10/2017	2,70573	108,044223	110,2398	113,480377
102	26/10/2017	2,718077	107,096196	110,7623	112,495604
103	25/10/2017	2,699704	107,048993	109,7959	112,446007
104	24/10/2017	2,698507	107,3783	109,7475	112,8003
105	23/10/2017	2,711	107,350454	110,0893	112,772146
106	20/10/2017	2,710846	107,572732	110,0613	113,005468
107	19/10/2017	2,716368	107,468934	110,2891	112,896466
108	18/10/2017	2,713766	107,468504	110,1827	112,896896
109	17/10/2017	2,714196	107,467762	110,1827	112,897638
110	16/10/2017	2,714938	107,466089	110,1827	112,899311
111	13/10/2017	2,716611	107,760703	110,1827	113,209897
112	11/10/2017	2,724597	107,760503	110,4853	113,210097
113	10/10/2017	2,724797	107,598857	110,4853	113,040143
114	09/10/2017	2,720643	124,474256	110,3195	129,685544
115	06/10/2017	2,605644	125,6472	127,0799	130,9012
116	05/10/2017	2,627	125,226004	128,2742	130,461796
117	04/10/2017	2,617896	125,225821	127,8439	130,461979
118	03/10/2017	2,618079	125,055513	127,8439	130,284487
119	02/10/2017	2,614487	108,749321	127,67	111,390879
120	29/09/2017	1,320779	108,53433	110,0701	111,17027
121	28/09/2017	1,31797	108,601715	109,8523	111,239285
122	27/09/2017	1,318785	108,696353	109,9205	111,336447
123	26/09/2017	1,320047	108,484175	110,0164	111,118625
124	25/09/2017	1,317225	108,198666	109,8014	110,825334
125	22/09/2017	1,313334	108,566171	109,512	111,200829
126	21/09/2017	1,317329	108,565758	109,8835	111,201242
127	20/09/2017	1,317742	108,565717	109,8835	111,201283
128	19/09/2017	1,317783	108,562226	109,8835	111,203774
129	18/09/2017	1,320774	108,412756	109,883	111,053644
130	15/09/2017	1,320444	108,528841	109,7332	111,172559
131	14/09/2017	1,321859	108,528844	109,8507	111,172556
132	13/09/2017	1,321856	108,528668	109,8507	111,172732
133	12/09/2017	1,322032	108,519193	109,8507	111,173007
134	08/09/2017	1,326907	108,463579	109,8461	111,126421
135	07/09/2017	1,331421	108,521861	109,795	111,186139
136	06/09/2017	1,332139	108,521745	109,854	111,186255
137	05/09/2017	1,332255	108,521502	109,854	111,186498
138	04/09/2017	1,332498	108,500371	109,854	111,164829
139	01/09/2017	1,332229	108,500026	109,8326	111,165174
140	31/08/2017	1,332574	108,63828	109,8326	111,30672
141	30/08/2017	1,33422	108,964888	109,9725	111,646512
142	29/08/2017	1,340812	109,063978	110,3057	111,748022
143	28/08/2017	1,342022	108,969652	110,406	111,659348
144	25/08/2017	1,344848	108,761607	110,3145	111,454593
145	24/08/2017	1,346493	108,682691	110,1081	111,373909
146	23/08/2017	1,345609	108,909245	110,0283	111,605955
147	22/08/2017	1,348355	108,949401	110,2576	111,698199
148	21/08/2017	1,374399	108,96125	110,3238	111,71035
149	18/08/2017	1,37455	108,939843	110,3358	111,689357
150	17/08/2017	1,374757	108,938565	110,3146	111,690835
151	16/08/2017	1,376135	108,938322	110,3147	111,690878
152	15/08/2017	1,376278	108,936465	110,3146	111,692935
153	11/08/2017	1,378235	108,866634	110,3147	111,623966
154	10/08/2017	1,378666	108,97063	110,2453	111,73437
155	09/08/2017	1,38187	108,893712	110,3525	111,662288
156	08/08/2017	1,384288	108,933882	110,278	111,722318
157	07/08/2017	1,394218	108,933599	110,3281	111,722601
158	04/08/2017	1,394501	108,967068	110,3281	111,756932
159	03/08/2017	1,394932	108,929975	110,362	111,719025
160	02/08/2017	1,394525	108,929653	110,3245	111,719347
161	01/08/2017	1,394847	108,929439	110,3245	111,719161
162	31/07/2017	1,394861	108,755227	110,3243	111,544173
163	28/07/2017	1,394473	108,553576	110,1497	111,389824
164	27/07/2017	1,418124	108,673547	109,9717	111,512853
165	26/07/2017	1,419653	108,843112	110,0932	111,698288
166	25/07/2017	1,427588	108,819123	110,2707	111,673877
167	21/07/2017	1,427377	108,973099	110,2465	111,834501
168	20/07/2017	1,430701	108,973093	110,4038	111,834507
169	19/07/2017	1,430707	108,875035	110,4038	111,733765
170	18/07/2017	1,429365	108,890899	110,3044	111,751501
171	17/07/2017	1,430301	108,878222	110,3212	111,764178
172	14/07/2017	1,442978	108,89189	110,3212	111,77831
173	13/07/2017	1,44321	108,867131	110,3351	111,808869
174	12/07/2017	1,470869	108,864039	110,338	111,811961
175	11/07/2017	1,473961	108,863977	110,338	111,812023
176	10/07/2017	1,474023	108,846589	110,338	111,794211
177	07/07/2017	1,473811	108,817505	110,3204	111,767295
178	06/07/2017	1,474895	108,817271	110,2924	111,767529
179	04/07/2017	1,475129	108,814903	110,2924	111,765097
180	30/06/2017	1,475097	108,528196	110,29	111,470004
181	29/06/2017	1,470904	108,836384	109,9991	111,786016
182	28/06/2017	1,474816	108,326105	110,3112	111,262495
183	27/06/2017	1,468195	108,333485	109,7943	111,270315
184	26/06/2017	1,468415	108,738238	109,8019	111,684962
185	23/06/2017	1,473362	108,501797	110,2116	111,442203
186	22/06/2017	1,470203	108,934659	109,972	111,885541
187	21/06/2017	1,475441	108,649875	110,4101	111,592325
188	20/06/2017	1,471225	109,046012	110,1211	111,998988
189	16/06/2017	1,476488	108,79763	110,5225	111,74337
190	15/06/2017	1,47287	108,797587	110,2705	111,743413
191	14/06/2017	1,472913	108,845896	110,2705	111,794704
192	13/06/2017	1,474404	108,845811	110,3203	111,794789
193	12/06/2017	1,474489	108,827668	110,3203	111,777532
194	09/06/2017	1,474932	108,848682	110,3026	111,799118
195	08/06/2017	1,475218	108,814732	110,3239	111,787668
196	07/06/2017	1,486468	108,786367	110,3012	111,816033
197	06/06/2017	1,514833	108,786358	110,3012	111,816042
198	05/06/2017	1,514842	108,785749	110,3012	111,815451
199	02/06/2017	1,514851	108,6423	110,3006	111,6687
200	01/06/2017	1,5132	108,146937	110,1555	111,157663
201	31/05/2017	1,505363	108,311151	109,6523	111,327649
202	30/05/2017	1,508249	108,213689	109,8194	111,230311
203	26/05/2017	1,508311	108,254688	109,722	111,273112
204	25/05/2017	1,509212	108,214752	109,7639	111,232048
205	24/05/2017	1,508648	108,145312	109,7234	111,160688
206	23/05/2017	1,507688	108,080126	109,653	111,093874
207	22/05/2017	1,506874	108,272446	109,587	111,291354
208	19/05/2017	1,509454	108,272195	109,7819	111,291605
209	18/05/2017	1,509705	108,544812	109,7819	111,571388
210	17/05/2017	1,513288	108,542045	110,0581	111,569955
211	16/05/2017	1,513955	108,541907	110,056	111,570093
212	15/05/2017	1,514093	108,517943	110,056	111,545457
213	12/05/2017	1,513757	107,650933	110,0317	110,648267
214	11/05/2017	1,498667	107,338864	109,1496	110,330336
215	10/05/2017	1,495736	107,338842	108,8346	110,330358
216	09/05/2017	1,495758	107,338765	108,8346	110,330435
217	08/05/2017	1,495835	107,379089	108,8346	110,373911
218	05/05/2017	1,497411	107,376083	108,8765	110,371117
219	04/05/2017	1,497517	107,375949	108,8736	110,371251
220	03/05/2017	1,497651	107,375867	108,8736	110,371333
221	02/05/2017	1,497733	107,409713	108,8736	110,406887
222	28/04/2017	1,498587	107,656888	108,9083	110,660912
223	27/04/2017	1,502012	107,676665	109,1589	110,682935
224	26/04/2017	1,503135	107,536279	109,1798	110,538521
225	25/04/2017	1,501121	107,890437	109,0374	110,906163
226	24/04/2017	1,507863	107,393974	109,3983	110,395426
227	21/04/2017	1,500726	107,244007	108,8947	110,243793
228	20/04/2017	1,499893	107,236127	108,7439	110,242073
229	18/04/2017	1,502973	107,397993	108,7391	110,409607
230	17/04/2017	1,505807	107,423838	108,9038	110,436362
231	12/04/2017	1,506262	107,638249	108,9301	110,656551
232	11/04/2017	1,509151	107,417387	109,1474	110,429013
233	10/04/2017	1,505813	107,407315	108,9232	110,439085
234	07/04/2017	1,515885	107,378944	108,9232	110,411056
235	06/04/2017	1,516056	107,349467	108,895	110,381533
236	05/04/2017	1,516033	107,349463	108,8655	110,381537
237	04/04/2017	1,516037	107,418783	108,8655	110,452817
238	03/04/2017	1,517017	107,38376	108,9358	110,41684
239	31/03/2017	1,51654	107,255884	108,9003	110,285316
240	30/03/2017	1,514716	106,941494	108,7706	109,962506
241	29/03/2017	1,510506	107,522785	108,452	110,559215
242	28/03/2017	1,518215	107,745454	109,041	110,787946
243	27/03/2017	1,521246	107,650853	109,2667	110,723747
244	24/03/2017	1,536447	107,192577	109,1873	110,279823
245	23/03/2017	1,543623	106,9898	108,7362	110,0708
246	22/03/2017	1,5405	107,309164	108,5303	110,398836
247	21/03/2017	1,544836	107,242112	108,854	110,329888
248	20/03/2017	1,543888	107,253247	108,786	110,344153
249	17/03/2017	1,545453	106,673015	108,7987	109,745785
250	16/03/2017	1,536385	106,673447	108,2094	109,748753
251	15/03/2017	1,537653	106,670779	108,2111	109,747821
252	14/03/2017	1,538521	106,745262	108,2093	109,824738
