"Titulos/Precios" "01/10/2018" "02/10/2018" "03/10/2018" "04/10/2018" "05/10/2018" "08/10/2018" "09/10/2018" "10/10/2018" "11/10/2018" "15/10/2018" "16/10/2018" "17/10/2018" "18/10/2018" "19/10/2018" "22/10/2018" "23/10/2018" "24/10/2018" "25/10/2018"
"1" "VEBONO022019" 103.672141065363 102.87843286391 102.722052506572 102.14938057082 101.947436605412 102.391311257677 103.266530463202 103.239181251328 102.044116503827 103.105672506228 103.080438065666 103.05379913371 103.781566712033 103.560337893898 103.574396836632 103.512990428385 103.559117010453 62.0725536141338
"2" "VEBONO032019" 105.526472727363 106.043867193883 105.903921995416 105.045659396119 105.143834534448 105.233056474438 105.416439082347 105.373268912187 104.746767932102 105.157021891606 105.116385933125 105.074798662264 105.876506936448 105.711873901029 105.739439017215 105.668245720788 105.712698704187 46.9827289749781
"3" "VEBONO042019" 109.190899857006 109.970597570131 109.864121210886 109.061643468483 109.20964305584 109.240398683686 109.226202787807 109.18179528336 108.769029584062 108.959288632304 108.918345202511 108.876315205845 106.128212072592 105.99341676206 106.026972119904 105.959003573617 106.00120326545 41.9933091272535
"4" "VEBONO012020" 119.331932543425 117.990783123145 118.293393084831 116.181664837856 115.668469934261 116.117388150137 116.76515959428 116.730268145601 116.678950818817 116.552460651283 116.533495074781 116.495498682831 116.998918303539 116.972493008031 116.890685762538 116.940355659448 116.907472646588 16.4296650109698
"5" "VEBONO062020" 119.333968590855 116.255367406907 116.628455568448 118.550861904761 117.904647482248 118.497866665248 120.302088689528 120.281538759714 119.535572901408 120.174783567332 120.173744721023 120.142955913305 120.493191939041 120.385735564392 120.174361017716 120.26446384888 120.189058147644 11.8060990111767
"6" "VEBONO112020" 116.226353842423 112.614128931306 112.993446291607 114.60740368498 114.219659473285 114.644907645186 116.962474830866 116.95203835397 115.81534022596 116.894858491891 116.902097981732 116.877687131633 117.131375596717 116.979366459246 116.703593296267 116.79173972939 116.701891773979 9.08719102175723
"7" "VEBONO012021" 123.691784028183 119.95247943173 120.345384924557 121.82829731549 121.566690688241 121.919571724335 124.386281740004 124.377459532752 123.131697808792 124.327985060519 124.336247082981 124.312657193932 124.57524593628 124.413730029134 124.1225496302 124.20616696469 124.114773494907 11.2871698914962
"8" "VEBONO052021" 123.373952060882 119.772404110262 120.162887882456 121.273159027528 121.295522932687 121.445413393141 123.951500568548 123.944832997178 122.641280728766 123.904863129305 123.912039959552 123.89017975998 124.136640890699 123.979232046845 123.677957684294 123.742445363552 123.653413356315 9.73532554141876
"9" "VEBONO022022" 123.464056647498 120.661138201114 121.045159203034 121.218159775938 121.953383130471 121.598354126902 123.868280222778 123.865277665273 122.68553609776 123.841197191484 123.842645160742 123.826784822473 124.057231823584 123.966017662733 123.691779579677 123.699826817149 123.631395115612 9.17019234938314
"10" "VEBONO012023" 125.173741163539 123.633670616082 124.013652222297 123.058572159069 124.659375125753 123.692124322761 125.488300890358 125.487790227365 124.625461252959 125.473395782162 125.465082349319 125.456846517901 125.687928661157 125.718027748384 125.507632988819 125.441613137931 125.406394893893 6.29971678861066
"11" "VEBONO022024" 125.139253044938 124.999570742114 125.371822615644 123.231676296658 125.732728778989 124.11589253057 125.392997791968 125.392619813073 124.879637787847 125.375339917133 125.354012751105 125.351427757357 125.592781121862 125.753997189404 125.609365409366 125.462633007893 125.461547632901 8.36276463806178
"12" "VEBONO042024" 126.523024232109 126.56164677524 126.935684779841 124.647793464989 127.265748231505 125.572173047501 126.776873530451 126.777755410361 126.319723494106 126.766789170736 126.745205408263 126.744875736321 126.984276703721 127.166196247375 127.035170999803 126.879896803972 126.884559891878 6.27465667191166
"13" "VEBONO012025" 128.416951890796 129.287352008963 129.661439566559 126.667374084609 129.829865443065 127.748492121037 128.65091604731 128.652760343245 128.407011491016 128.644832401943 128.616674262395 128.62074134039 125.065171690679 125.32566546586 125.229005636407 125.02510234395 125.048097311162 6.5957843835145
"14" "VEBONO022025" 126.269304104016 127.297280644888 127.665991742208 124.541926779701 127.793942977063 125.638002525767 126.487501957324 126.487905786668 126.269165376608 126.471889663055 126.44073479535 126.443633098546 126.691863943765 126.963813436719 126.875936786349 126.664304316714 126.691813139201 8.1548354644531
"15" "VEBONO032027" 126.071435561378 129.094308085514 129.451274627601 124.671971738808 129.168708870274 126.111490173873 126.228133633504 126.229965378666 126.509782376096 126.216922978412 126.169941829287 126.182053173514 126.435736760175 126.889405454926 126.897728138101 126.580321415125 126.65520580739 7.5518930026927
"16" "VEBONO042028" 128.476611402401 132.365150828936 132.720493779087 127.197199727695 132.254681706031 128.801835229829 128.609573869313 128.613269036758 129.105408504591 128.608205778286 128.555684522391 128.573321628982 128.830854628068 129.366289933509 129.421401197207 129.058637174163 129.155952910627 9.7481447598346
"17" "VEBONO102028" 128.422422261755 132.693018097256 133.045785311986 127.197976185485 132.496783150652 128.867307460212 128.54239374913 128.546130685248 129.126632720235 128.540421364497 128.484721610222 128.503779378933 128.763713334791 129.33193661034 129.40389280551 129.020953079282 129.126871409569 9.41003336843427
"18" "VEBONO052029" 127.880621881815 132.529498706626 132.878676996718 126.715336489982 132.24648712885 128.444671829268 127.987421854773 127.991036249063 128.658839497696 127.983845761951 127.924930601972 127.945161931412 128.206864967873 128.80625387145 128.894080944347 128.491686914209 128.605698704407 8.7423712597477
"19" "VEBONO032031" 125.906512749782 131.687564538626 132.026043271205 124.939840398521 131.148465388361 126.842314498208 125.981838561224 125.985724435957 126.924066407467 125.977652071641 125.910300438085 125.934671613871 126.195611933989 126.887323746436 127.024198451016 126.567416942629 126.70521499124 7.23987935667531
"20" "VEBONO062032" 122.077450459967 128.303503654838 128.62364995725 117.776003768687 124.12024917093 119.69963215826 118.620362869584 118.624644235782 119.690530290375 118.618622002035 118.549580821218 118.575916531255 118.822353577544 119.539945914658 119.703538842399 119.234394994797 119.381354151357 6.52076586406742
"21" "VEBONO072033" 120.864016125075 127.49256013873 127.806372893173 120.101528491231 126.710688386736 122.106066768639 120.900125826985 120.905650113104 122.055371684748 120.905488309669 120.834559052632 120.863821290454 121.114887914396 121.867744441567 122.053862656554 121.56490699267 121.722586185062 8.72727517608091
"22" "VEBONO022034" 116.182990014202 122.942715733146 123.243622353073 115.495758249619 122.107303571885 117.48650266697 116.207832018482 116.212698780349 117.399835579597 116.209200534095 116.137411846123 116.166209131438 116.41041853535 117.164941340137 117.356073874705 116.865758585333 117.024465433064 7.05047479821558
"23" "SRC" 0.558740695937017 0.760073582573106 0.745553101884033 0.716970240393981 0.781278582560328 0.642503101302751 0.515349294543844 0.511973966016651 0.621031443634246 0.495054792069867 0.490822628261352 0.487438258082002 0.361127045376282 0.348537154597443 0.335384824605503 0.331444391325977 0.330167215530989 460.996534909562
